2020-12-14_11-19-14-88tommy4_png.rf.f34798a3073d9644feeb8ef15f70752d.jpg 160,232,179,257,2 163,255,187,278,1 131,203,221,296,0
2020-12-14_11-15-57-36mariko3_png.rf.f0e380b6580b370f78ef2ae47ee3082d.jpg 280,197,296,220,2 266,216,287,237,1 221,155,300,256,0
2020-12-16_12-50-50-120takahashi_png.rf.f475f050fef5ace649d5d0fac9bb2761.jpg 193,173,223,208,2 184,217,224,239,1 151,84,261,266,0
2020-12-16_13-17-43-68sihekia_png.rf.f3e32e7b74c49f9d7e283f03c6f45ded.jpg 130,104,149,119,2 130,124,156,136,1 101,83,185,173,0
2020-12-14_11-18-29-116tommy3_png.rf.f339f499581a6b43596954e49f36f2ed.jpg 229,235,250,259,2 219,263,252,281,1 184,204,270,301,0
2020-12-14_11-07-30-80ishikawa_png.rf.f3eb776e1702df3ef172380ac6c345be.jpg 254,205,270,225,2 245,227,270,242,1 214,184,294,272,0
2020-12-14_11-11-17-8tommy1_png.rf.f4461dc617e297dfcfb8f1be9122d410.jpg 186,195,209,211,2 183,214,207,225,1 157,177,232,258,0
2020-12-16_13-09-50-84sige_png.rf.f4fcf64338b6eed24922512741b689ef.jpg 235,217,260,242,2 222,245,262,263,1 191,136,290,277,0
2020-12-16_13-15-00-116avavavvavavavava_png.rf.f53c71b1794e63f840bd859db5a58240.jpg 152,101,169,116,2 144,118,178,134,1 119,81,203,172,0
2020-12-16_13-18-55-80sihekia_png.rf.f64aac3b05f890c2924dba115216445b.jpg 124,111,145,128,2 126,129,151,143,1 106,89,188,170,0
2020-12-14_11-07-30-96ishikawa_png.rf.f498c73e70598158ed739c129527da6c.jpg 284,223,300,248,2 271,245,295,265,1 239,183,322,282,0
2020-12-14_11-21-08-24nanri4_png.rf.f71cc3acfc6857785ccc81df1c00465f.jpg 194,182,215,202,2 191,208,220,221,1 167,162,243,255,0
2020-12-14_11-11-19-92tommy1_png.rf.f86afa72f5a9e2fe38492909b2ef0aec.jpg 173,207,203,237,2 172,241,201,256,1 144,153,233,273,0
2020-12-16_13-04-51-16tomo_png.rf.f76f0c76850b8dd239c15103acd5798d.jpg 198,197,222,223,2 195,231,224,254,1 165,150,244,275,0
2020-12-16_13-12-40-92tomo2_png.rf.f1e8de1029e1a0a98699c4b01499c6d4.jpg 218,111,237,125,2 207,124,235,147,1 183,92,261,181,0
2020-12-14_11-18-28-76tommy3_png.rf.f5aaa46b1f1bdc26bfeada920701ef58.jpg 198,236,219,260,2 194,264,227,286,1 166,206,254,306,0
2020-12-14_11-16-46-28mariko4_png.rf.f8acc3c5e3c3db7cf837e56943fabe51.jpg 150,197,166,216,2 162,212,185,234,1 142,157,234,252,0
2020-12-14_11-18-28-100tommy3_png.rf.f7ed12bfdcff0d47d1610d9fb6004ff6.jpg 249,243,270,269,2 237,270,266,289,1 194,208,281,311,0
2020-12-14_11-09-23-120mariko1_png.rf.f729a47a126c2589266ebcc59aff59c3.jpg 207,220,230,248,2 195,251,229,267,1 176,154,255,278,0
2020-12-16_13-15-45-64avavavvava_png.rf.fbb59858e271600b7ec05f22f0aafcca.jpg 101,130,114,150,2 106,145,129,168,1 85,97,165,188,0
2020-12-16_12-50-49-100takahashi_png.rf.fd9864921dbbca13c30aaab65c9652d0.jpg 175,166,209,206,2 165,214,207,236,1 142,80,259,264,0
2020-12-14_11-09-21-52mariko1_png.rf.f871bee1e10edb8468ae77e97cf0621e.jpg 195,216,217,240,2 189,248,220,262,1 164,157,248,274,0
2020-12-16_12-47-03-36takahashi_png.rf.fb4c0827768dead8851f62dea7619e57.jpg 142,183,182,228,2 144,248,186,265,1 116,66,245,285,0
2020-12-16_13-09-50-92sige_png.rf.fc69f59a760a7f4eb5b170c8f6273141.jpg 296,215,320,247,2 285,252,313,269,1 232,131,344,291,0
2020-12-14_11-21-07-0nanri4_png.rf.fdf153b304cfbc9d5b64e7540c76cca6.jpg 241,187,262,210,2 233,214,257,235,1 200,156,271,256,0
2020-12-16_13-05-50-84tomo2_png.rf.fed7730e0b062e8816c2900e29223ce0.jpg 206,188,226,206,2 197,209,230,228,1 174,159,253,263,0
2020-12-14_11-20-23-76nanri3_png.rf.fdc306cd7736feba9bff7ccb664dc4a7.jpg 182,191,201,212,2 181,213,216,230,1 159,157,243,255,0
2020-12-16_13-05-48-20tomo2_png.rf.fe9aa25ef40eb4dd4fa05ba187996f75.jpg 192,199,216,225,2 187,230,217,246,1 160,144,246,273,0
2020-12-14_11-07-31-100ishikawa_png.rf.fb3a53a11274724d9b28d81af051f7f2.jpg 258,206,276,225,2 252,224,277,240,1 221,187,297,269,0
2020-12-14_11-20-21-20nanri3_png.rf.ffa133f24fe9534f95618ae1ed8de930.jpg 250,187,270,209,2 236,208,266,233,1 205,155,289,254,0
2020-12-14_11-12-01-60tommy2_png.rf.fe0c4d1b8ba1bd5c0d94f0f08ec33a79.jpg 178,206,202,229,2 172,235,204,250,1 147,159,229,270,0
2020-12-16_13-15-46-100avavavvava_png.rf.ff073ece0a155bb3b26e3e4d0bf01371.jpg 159,104,181,119,2 159,122,185,142,1 127,80,210,173,0
2020-12-14_11-21-11-128nanri4_png.rf.fe0c53ee4831032ae28a0558b1b1447c.jpg 160,191,180,211,2 162,207,190,232,1 147,163,235,256,0
2020-12-16_13-17-43-56sihekia_png.rf.fe8340b021ade9b30c8ce36a2ce766b2.jpg 119,100,143,120,2 122,124,147,139,1 99,77,181,167,0
2020-12-14_11-16-48-96mariko4_png.rf.fc15d8ff4ec558a13f5846a9c989b9bd.jpg 221,181,242,199,2 214,200,243,217,1 190,156,269,251,0
2020-12-14_11-12-03-124tommy2_png.rf.fa5cc9e13aab9933416fffd4f51b55e0.jpg 179,213,206,239,2 172,245,206,262,1 144,147,236,280,0
2020-12-14_11-19-13-64tommy4_png.rf.fcabd9d6b6e101f3c3cb4622ae3ff5c7.jpg 181,230,202,252,2 184,256,209,271,1 146,201,233,293,0
2020-12-14_11-12-52-4nanri1_png.rf.ffe6e8daa92e3df008dd1fe32c2f3240.jpg 252,196,275,217,2 247,221,274,236,1 226,157,291,249,0
2020-12-14_11-20-21-32nanri3_png.rf.ffb6717d8cb6cbf0caeb1b2ec539f733.jpg 188,184,207,203,2 186,202,215,222,1 168,159,247,252,0
2020-12-16_12-50-48-36takahashi_png.rf.56a06b38cee43f86fe843bf0e4356f3f.jpg 185,153,220,194,2 173,212,222,241,1 135,68,264,274,0
2020-12-14_11-10-22-16mariko2_png.rf.5521b4adf0e96e94427846418e932fb8.jpg 206,230,228,259,2 195,262,223,277,1 178,173,253,290,0
2020-12-14_11-21-10-120nanri4_png.rf.5702c8c44096408f798c05bb97989dbf.jpg 246,186,266,209,2 231,211,263,231,1 204,157,276,254,0
2020-12-16_13-11-42-76tomo_png.rf.53486921ade560dd5e98bf83e36abedb.jpg 183,144,202,158,2 179,159,207,175,1 144,121,230,210,0
2020-12-14_11-18-29-120tommy3_png.rf.53497b31642db697b60b18b1dd90dc44.jpg 223,236,245,258,2 218,260,248,278,1 182,206,265,303,0
2020-12-14_11-12-00-12tommy2_png.rf.53a77822e9246281d7e31dfb3fb9904f.jpg 180,204,201,226,2 174,230,203,241,1 151,161,230,265,0
2020-12-14_11-18-26-16tommy3_png.rf.55bf539669757bbeb53740b7c10a9ddc.jpg 170,238,192,257,2 171,259,202,282,1 149,205,238,306,0
2020-12-16_13-05-48-12tomo2_png.rf.543ec0b1802e1521027b6127696a5439.jpg 194,196,218,221,2 187,229,218,248,1 162,147,246,271,0
2020-12-16_13-12-37-40tomo2_png.rf.5684171f6d3e8abede99d20cc7bfdc00.jpg 208,116,226,132,2 201,134,228,152,1 169,87,257,170,0
2020-12-14_11-18-26-0tommy3_png.rf.58802780d7ad372a775db584fe19be43.jpg 209,241,230,258,2 202,264,233,283,1 179,207,265,304,0
2020-12-14_11-21-10-108nanri4_png.rf.57790e340102180cf79778859b6d60de.jpg 171,183,195,200,2 169,203,203,225,1 153,160,234,253,0
2020-12-14_11-12-55-68nanri1_png.rf.59682dd6c506da3ace8bd617dc44cb30.jpg 197,192,215,213,2 193,218,222,230,1 174,153,242,250,0
2020-12-14_11-12-00-16tommy2_png.rf.552dbdb4366567d3ec331958914cd23c.jpg 178,200,201,224,2 169,229,206,242,1 147,161,230,264,0
2020-12-14_11-19-13-48tommy4_png.rf.58abff70ca9bbad747340ff1979f5c4c.jpg 187,228,207,248,2 187,252,212,270,1 143,199,236,291,0
2020-12-14_11-21-08-52nanri4_png.rf.5909815ecd47063fc2f961bd145b7286.jpg 197,183,220,201,2 195,207,224,225,1 168,158,249,256,0
2020-12-16_13-14-58-32avavavvavavavava_png.rf.587daf79cc91978950af098421c2db13.jpg 200,108,217,124,2 193,122,216,141,1 151,81,230,178,0
2020-12-16_12-44-08-108takahashi_png.rf.58f30d16b381ab32bcaa68f40ce3be42.jpg 192,210,217,235,2 193,242,222,255,1 154,142,250,278,0
2020-12-14_11-07-29-60ishikawa_png.rf.5845184c1b764e75adc8ac54e669d790.jpg 307,232,327,256,2 295,255,318,273,1 269,185,359,289,0
2020-12-16_13-11-41-60tomo_png.rf.5ab50d9f1062243f0356503bbdfb7add.jpg 108,189,124,214,2 115,209,139,226,1 87,130,179,242,0
2020-12-14_11-12-01-100tommy2_png.rf.598ad2d87096b63c54c88dd014ea4c94.jpg 184,210,206,233,2 174,240,210,260,1 155,160,232,275,0
2020-12-16_12-50-48-52takahashi_png.rf.5929461f23b035edb66eb1836fa3e672.jpg 183,157,222,199,2 174,212,224,236,1 139,75,261,270,0
2020-12-16_13-09-49-60sige_png.rf.59c61c3814f2dc713b09b0e5ae6999bf.jpg 222,190,238,210,2 215,211,241,234,1 188,150,263,261,0
2020-12-14_11-09-23-108mariko1_png.rf.5990d30cc2899b540033fa354f077319.jpg 194,221,218,246,2 183,248,221,267,1 166,152,249,276,0
2020-12-14_11-19-14-84tommy4_png.rf.57adc018ed3541821c3dc2e40d93fb4c.jpg 160,232,181,257,2 162,255,190,275,1 129,201,223,294,0
2020-12-14_11-07-31-112ishikawa_png.rf.5cf71324342204cdd9b3c6ef67355825.jpg 271,219,288,242,2 258,241,286,259,1 237,180,320,278,0
2020-12-16_13-09-51-124sige_png.rf.5d42c69fdf479940445c46ce8ffdc5f4.jpg 218,210,245,239,2 213,246,248,266,1 185,142,286,296,0
2020-12-16_12-50-49-88takahashi_png.rf.5d851bddfc609d4debb9e58bb52292b0.jpg 194,157,228,191,2 185,203,228,223,1 141,87,261,260,0
2020-12-16_13-14-58-36avavavvavavavava_png.rf.5ef6b1d0d9faf8dea4aee623554fe840.jpg 185,98,204,112,2 179,110,208,125,1 143,82,221,178,0
2020-12-14_11-10-23-32mariko2_png.rf.611e88f7a647618eb73f927336b44540.jpg 191,210,213,234,2 185,238,214,252,1 161,172,238,271,0
2020-12-16_12-44-07-40takahashi_png.rf.5cedefcd941840b97fbccc4a36a97e3b.jpg 196,199,222,225,2 194,234,219,246,1 161,146,253,279,0
2020-12-16_13-09-12-12sige_png.rf.5d8353fc46927e6e61fc09bb0766df0f.jpg 198,227,217,249,2 193,254,218,268,1 161,169,240,292,0
2020-12-14_11-16-50-128mariko4_png.rf.5f3a8d84c321d623894169173dc93b70.jpg 185,182,201,200,2 184,202,211,220,1 165,155,252,252,0
2020-12-16_12-44-07-16takahashi_png.rf.5d9b719768ea39463658e889a5710a67.jpg 199,202,221,231,2 194,240,224,256,1 167,144,252,281,0
2020-12-16_13-08-03-84afafgaget_png.rf.5f27efece45099e9d9c8b30f4f789a61.jpg 152,217,166,234,2 152,237,172,251,1 148,178,206,271,0
2020-12-16_13-14-59-52avavavvavavavava_png.rf.5b25ce616eb2cf687c3fac6e2d64d592.jpg 109,132,124,153,2 120,147,140,170,1 85,84,169,187,0
2020-12-14_11-11-19-48tommy1_png.rf.613198584797963504d82583b5fc057e.jpg 181,208,204,236,2 173,243,207,259,1 144,151,237,280,0
2020-12-14_11-10-23-36mariko2_png.rf.620e8ed3631d9187787266e7d281848f.jpg 189,210,211,234,2 182,238,211,253,1 159,170,235,271,0
2020-12-14_11-19-14-112tommy4_png.rf.5fe9c479bda11762d8d3a67706ab820b.jpg 158,233,179,256,2 162,259,192,276,1 132,202,223,297,0
2020-12-16_13-18-55-76sihekia_png.rf.625d5a42905d54362efe2f0afd98772d.jpg 125,110,145,126,2 123,128,149,143,1 101,82,187,172,0
2020-12-14_11-11-19-88tommy1_png.rf.5dcc8d69f4643ab79fd8e0fdf887e4fd.jpg 158,204,184,236,2 155,241,186,256,1 133,153,216,274,0
2020-12-16_13-12-40-68tomo2_png.rf.630e1762ec07ee5a74ac12036588942b.jpg 217,111,234,126,2 206,126,233,151,1 180,86,266,178,0
2020-12-14_11-09-22-96mariko1_png.rf.669ee501d620d7a7e47f4263640007bf.jpg 195,213,215,238,2 186,243,223,258,1 167,158,246,272,0
2020-12-16_13-18-55-64sihekia_png.rf.5b42cb5f5dea4d5676f885b924932721.jpg 126,110,147,126,2 123,128,153,143,1 103,88,189,180,0
2020-12-16_13-11-43-88tomo_png.rf.632f9b48a920efe63925df44004a83b3.jpg 159,169,183,196,2 157,201,187,218,1 130,92,220,235,0
2020-12-14_11-15-57-12mariko3_png.rf.656bae671dfff1c56807bca8f8f6a398.jpg 213,181,235,198,2 208,202,238,217,1 180,149,266,244,0
2020-12-16_13-17-44-72sihekia_png.rf.66c3de3f1d3596cc40047bd45c493b91.jpg 120,105,137,120,2 120,123,147,138,1 99,91,182,179,0
2020-12-16_13-14-58-40avavavvavavavava_png.rf.66f333c8c1fb9d3078889d0874197b40.jpg 152,94,169,109,2 148,111,176,125,1 124,82,205,171,0
2020-12-14_11-10-24-84mariko2_png.rf.68bb9bce7571e3b83e1f8518827041a0.jpg 189,225,209,247,2 184,254,213,267,1 165,170,236,278,0
2020-12-16_13-09-48-24sige_png.rf.6877f451965e0d197f3fd19afacf9f7f.jpg 242,233,270,271,2 235,272,269,293,1 192,132,303,309,0
2020-12-16_12-47-05-108takahashi_png.rf.6445fdbc309667f75d046ef8adfca5fb.jpg 261,172,292,210,2 249,221,284,242,1 194,84,311,268,0
2020-12-14_11-15-57-4mariko3_png.rf.67b593ef010ac4839a67664673939553.jpg 211,177,233,194,2 207,201,236,217,1 181,152,266,243,0
2020-12-16_12-44-07-80takahashi_png.rf.67b4df58d24e14cfdbdc07e64ea7d889.jpg 181,210,204,240,2 180,246,210,257,1 146,142,240,280,0
2020-12-14_11-07-31-108ishikawa_png.rf.66e4ef6724869182efc8267dbb751c11.jpg 206,213,222,233,2 207,234,232,249,1 179,183,260,268,0
2020-12-16_13-17-42-16sihekia_png.rf.689ee6e8675867379941fdf2cf667aa0.jpg 135,104,155,119,2 133,122,162,134,1 110,85,197,176,0
2020-12-16_12-47-05-112takahashi_png.rf.62d4a084c18e6b948ed2b194d6bd8798.jpg 153,170,185,209,2 149,221,187,238,1 121,77,227,260,0
2020-12-14_11-21-08-16nanri4_png.rf.6857f6280dcb50244b4a7c85b401ef54.jpg 193,184,216,203,2 192,206,220,221,1 164,160,247,256,0
2020-12-14_11-20-21-0nanri3_png.rf.6a0674ab18b5bec671063d6aeb839317.jpg 213,174,237,190,2 207,190,241,209,1 182,156,265,247,0
2020-12-16_13-11-42-68tomo_png.rf.69263e1f225dc28d8e94e59b279cf57d.jpg 174,147,194,162,2 170,164,201,178,1 137,119,225,212,0
2020-12-14_11-11-17-12tommy1_png.rf.69566789ad5ca3ce80e61f65397a59a7.jpg 203,204,231,231,2 201,236,233,249,1 168,159,246,263,0
2020-12-16_13-18-55-68sihekia_png.rf.69c244dd6d898f1e19006a37196f9a13.jpg 127,111,147,126,2 124,128,153,144,1 101,86,192,179,0
2020-12-14_11-11-19-76tommy1_png.rf.6b45c72513954d4214dd873285dd4dbc.jpg 182,202,207,231,2 175,236,210,252,1 148,155,238,275,0
2020-12-16_13-07-05-24tomo2_png.rf.695a6512c2d81f8621b1fd07d60b637d.jpg 155,208,171,225,2 154,232,170,245,1 152,174,215,266,0
2020-12-16_13-08-02-36afafgaget_png.rf.6bf27693303d6cfd7423d42908c29687.jpg 203,206,219,224,2 193,228,218,251,1 170,183,234,264,0
2020-12-16_13-17-45-108sihekia_png.rf.6c1df238b4eac56b499082bc3761c4ed.jpg 128,99,146,117,2 127,118,153,131,1 101,87,187,174,0
2020-12-14_11-13-54-96nanri2_png.rf.6b44e8ef047b1026576dbcceb81efa33.jpg 219,201,234,217,2 216,219,236,235,1 187,183,247,254,0
2020-12-16_13-05-50-104tomo2_png.rf.6ea125798327ddaea180d7bbb9b955ce.jpg 189,215,220,247,2 180,252,223,270,1 153,131,252,295,0
2020-12-14_11-11-20-108tommy1_png.rf.66746b745cc615ece0419346c77eea06.jpg 175,209,200,237,2 171,242,202,256,1 150,155,231,271,0
2020-12-14_11-16-47-76mariko4_png.rf.6bf64d61d3f746664e3e387a8977b6e4.jpg 207,177,228,196,2 201,199,233,217,1 176,150,260,250,0
2020-12-14_11-13-52-12nanri2_png.rf.6b18e0b7217c361bccd15c9d878f2c99.jpg 191,202,208,222,2 186,226,209,241,1 169,162,232,251,0
2020-12-16_13-09-49-44sige_png.rf.6ff29709bd4cea37b16d5a71e48ab7d4.jpg 258,216,281,241,2 253,244,279,265,1 212,148,302,279,0
2020-12-16_13-12-41-112tomo2_png.rf.6a2e62552e0cbc1bcc37a44c1081e60b.jpg 207,118,228,139,2 196,145,227,162,1 174,58,260,189,0
2020-12-16_13-09-50-104sige_png.rf.72f8fac6a5e9c44202dedef53c452a70.jpg 233,184,253,202,2 232,208,257,227,1 193,158,273,260,0
2020-12-14_11-15-59-96mariko3_png.rf.7004bddac8a9dd5116e3533c8a21580a.jpg 142,208,157,232,2 152,223,176,244,1 135,171,220,256,0
2020-12-16_13-11-40-36tomo_png.rf.6c882eebef332bc65df0eb59b88dfa7d.jpg 163,150,184,168,2 163,173,187,188,1 131,118,220,217,0
2020-12-16_12-47-04-72takahashi_png.rf.6d072a7803d784ae3e1c4498ea9fcd2a.jpg 259,176,292,219,2 253,229,284,247,1 166,80,291,274,0
2020-12-16_13-11-38-16tomo_png.rf.6eca35d44190dd414d0aeab11e251bac.jpg 224,155,242,179,2 216,178,242,191,1 167,113,248,218,0
2020-12-14_11-12-00-44tommy2_png.rf.6caa0838db60dcbaa02c4315f4263cea.jpg 193,208,216,233,2 185,238,217,254,1 157,159,239,272,0
2020-12-16_13-11-43-112tomo_png.rf.6ffd20a3dc5b5e1b0b43c197c5b1dc3d.jpg 171,142,191,157,2 169,158,195,174,1 142,117,225,210,0
2020-12-16_13-09-14-60sige_png.rf.731bd1d1ba9cd7bae8f56b3b8c8efee0.jpg 228,211,256,241,2 217,249,260,274,1 186,107,297,294,0
2020-12-16_13-07-05-44tomo2_png.rf.7041b575766525649134784ccab55cfe.jpg 184,203,199,216,2 180,219,202,231,1 161,179,218,256,0
2020-12-16_13-15-00-84avavavvavavavava_png.rf.76c8871a98a73b12128dd21d18e53fff.jpg 146,103,162,119,2 143,119,175,140,1 117,78,201,174,0
2020-12-14_11-09-21-40mariko1_png.rf.73d93d3bede19ccbfc852d9de2cc6f81.jpg 201,196,219,221,2 196,227,224,238,1 165,162,248,259,0
2020-12-14_11-21-08-28nanri4_png.rf.701cac8899fc5761a5e68cc00a087186.jpg 197,183,219,203,2 193,207,224,221,1 164,159,248,258,0
2020-12-16_13-11-43-80tomo_png.rf.767173a625afced181e35071aa54667d.jpg 173,142,195,160,2 168,164,203,178,1 139,95,225,209,0
2020-12-16_13-15-44-20avavavvava_png.rf.74a81516d5311df01852605e094063b4.jpg 154,107,171,123,2 150,127,177,142,1 120,81,206,174,0
2020-12-16_13-07-07-100tomo2_png.rf.74a908a292af61cdad6db1cff6cb4fb1.jpg 188,201,205,214,2 183,219,206,231,1 171,181,227,263,0
2020-12-16_12-50-48-4takahashi_png.rf.6e6681cdc30aa395455ed19725fdf0bc.jpg 178,175,217,218,2 168,232,217,257,1 128,74,260,284,0
2020-12-14_11-16-47-68mariko4_png.rf.77b6d102a03f513d39e76fd2d6349086.jpg 250,186,270,208,2 237,206,268,228,1 210,159,288,251,0
2020-12-14_11-10-24-52mariko2_png.rf.7a042040df0cc588d0abdd2a42ead5a3.jpg 191,214,210,237,2 183,243,212,255,1 160,171,234,276,0
2020-12-14_11-15-57-44mariko3_png.rf.7644989208867b48e195a9f3dc398299.jpg 204,178,223,193,2 198,198,230,216,1 172,148,255,245,0
2020-12-14_11-18-27-60tommy3_png.rf.73dfd20c51f7c481740103d7ef03bfa4.jpg 204,243,229,264,2 200,270,229,284,1 174,205,261,306,0
2020-12-14_11-18-28-88tommy3_png.rf.760abd3be497a6b0b71b592dd5a027d8.jpg 164,242,186,267,2 167,268,197,293,1 145,207,235,312,0
2020-12-14_11-09-21-20mariko1_png.rf.784305df681a4ffec8001517be6f3eb3.jpg 221,188,241,205,2 210,203,236,218,1 190,177,268,260,0
2020-12-14_11-16-00-104mariko3_png.rf.774dae86f749364c190455075bc53ca0.jpg 217,178,237,195,2 212,197,241,212,1 186,146,267,247,0
2020-12-14_11-12-56-108nanri1_png.rf.716fd384292fddaa3f6a467ee8c1e4d2.jpg 199,187,219,207,2 192,212,226,228,1 176,153,242,244,0
2020-12-16_12-47-04-64takahashi_png.rf.7944d96d3fbb40308f84fad9c75a32ea.jpg 168,169,205,210,2 159,221,204,246,1 149,71,270,278,0
2020-12-14_11-10-24-72mariko2_png.rf.789d93e821e4bc3fcee4b358844882e6.jpg 185,219,206,244,2 179,248,209,264,1 156,168,233,277,0
2020-12-14_11-20-21-52nanri3_png.rf.7588f434b41cd24b8f060740446e8270.jpg 172,193,192,213,2 175,213,199,234,1 152,160,241,257,0
2020-12-16_13-12-37-52tomo2_png.rf.7c0444af2b0d160bf1f6b2a75d041024.jpg 198,100,221,123,2 191,126,224,146,1 167,56,248,168,0
2020-12-16_12-47-04-68takahashi_png.rf.7ba28584e982d4c98da5a03e157dbf6c.jpg 227,163,261,206,2 219,217,264,239,1 157,77,282,265,0
2020-12-14_11-11-18-20tommy1_png.rf.7bc59153658ede2feebaacbe65f68ca4.jpg 226,199,248,224,2 218,228,246,245,1 177,166,260,267,0
2020-12-14_11-19-14-104tommy4_png.rf.7f033ac8d36d77d202ecc9be55ebb5ba.jpg 161,233,181,254,2 164,255,191,275,1 131,200,223,293,0
2020-12-16_13-15-45-60avavavvava_png.rf.7cecc951fcc3a7956c45fae5fe8222ee.jpg 101,129,119,149,2 106,146,131,170,1 85,95,169,188,0
2020-12-16_13-04-51-28tomo_png.rf.7e8ad5fb461101fb73952f94101c585a.jpg 211,198,234,223,2 201,229,231,255,1 166,153,254,279,0
2020-12-16_12-44-08-92takahashi_png.rf.77c5920bbb96bd7e5da33540f50a821c.jpg 201,214,224,241,2 196,254,226,265,1 167,144,252,289,0
2020-12-16_13-11-42-72tomo_png.rf.7c5473766a616bb82452b6473e9e9394.jpg 118,170,134,188,2 120,191,140,208,1 99,132,185,220,0
2020-12-14_11-21-09-60nanri4_png.rf.7e0435ed9dc70c767a0cb49e8ecb0a31.jpg 201,185,222,200,2 195,205,226,221,1 172,159,250,256,0
2020-12-14_11-16-48-84mariko4_png.rf.7ef500e0dc32b412794fc90f1684f9ea.jpg 145,202,165,219,2 155,212,179,235,1 137,164,231,252,0
2020-12-16_13-12-40-76tomo2_png.rf.7df27b005403d494a339832eaf389be8.jpg 211,95,230,112,2 201,113,232,133,1 171,71,259,166,0
2020-12-14_11-13-52-24nanri2_png.rf.7ff6c19d22a1c930750e61487fd30a9d.jpg 217,206,233,226,2 212,231,235,242,1 196,167,256,257,0
2020-12-14_11-15-59-80mariko3_png.rf.7f0c3bc2f2737dd5a9a5e49f86e2ecca.jpg 281,210,299,235,2 262,224,286,248,1 230,170,306,266,0
2020-12-14_11-11-19-52tommy1_png.rf.7ba32474a106dd5df069f300cafacf5c.jpg 171,210,198,239,2 168,244,198,258,1 141,150,232,277,0
2020-12-16_13-17-45-92sihekia_png.rf.7f21aa1ab61a7a579e42ee5f2b900b44.jpg 132,104,149,119,2 129,122,157,137,1 105,84,191,175,0
2020-12-16_13-15-44-28avavavvava_png.rf.7f38ddd08185b6404ae98629d8804b4c.jpg 154,107,173,121,2 152,125,178,140,1 121,81,206,180,0
2020-12-16_12-44-07-72takahashi_png.rf.80539e6f0793707680ecc2b9a83aab58.jpg 207,193,228,217,2 199,222,227,236,1 168,153,259,270,0
2020-12-16_13-09-51-116sige_png.rf.7ec23bad219aaddd9a5424959666a94b.jpg 267,221,296,256,2 260,261,292,281,1 212,147,319,303,0
2020-12-16_12-50-48-28takahashi_png.rf.7f18b5ae8576d899f2b5736a0d029b45.jpg 179,160,217,202,2 169,218,220,241,1 129,71,262,267,0
2020-12-16_13-04-52-44tomo_png.rf.83c9a99779d5be90a8ad396dac1a68e4.jpg 179,258,207,285,2 174,284,211,303,1 148,156,241,314,0
2020-12-16_12-47-04-84takahashi_png.rf.7f916f611141112be6b6b1def127bc6d.jpg 196,145,226,174,2 188,186,227,203,1 158,94,268,245,0
2020-12-16_13-05-49-40tomo2_png.rf.81be987fe22c353192f5bf0f13a84f72.jpg 214,198,235,218,2 205,222,238,240,1 171,149,251,270,0
2020-12-16_13-07-06-72tomo2_png.rf.847a3d02feb1c209f5bfa7b76fcdeaf4.jpg 169,204,184,220,2 163,226,183,238,1 160,178,222,263,0
2020-12-16_13-09-15-108sige_png.rf.85338d2858dc818cc052b81a2157fab6.jpg 232,198,253,226,2 223,229,255,252,1 201,138,284,265,0
2020-12-14_11-12-00-24tommy2_png.rf.84c8690924ca6aef917074dc57927c2c.jpg 173,193,194,208,2 169,212,201,224,1 152,181,228,260,0
2020-12-14_11-12-55-72nanri1_png.rf.836fcc943d7983a3ff3ea4197f9f5567.jpg 202,190,219,208,2 195,214,226,230,1 176,150,242,246,0
2020-12-14_11-15-59-76mariko3_png.rf.86341387e38a53bc3561d6c159a72f9d.jpg 264,195,284,216,2 247,214,271,237,1 214,161,294,257,0
2020-12-14_11-11-21-116tommy1_png.rf.81371274dc26cfd41f511ca090b2beab.jpg 174,210,201,240,2 166,245,202,258,1 145,155,231,278,0
2020-12-16_13-08-01-12afafgaget_png.rf.84eab6373514ec87dcc4e7e9b2329e9c.jpg 211,214,227,233,2 198,239,225,255,1 171,171,245,272,0
2020-12-16_12-47-05-116takahashi_png.rf.8607f9d8de110f007eb4d5ec91af5a8e.jpg 100,180,128,209,2 100,225,134,239,1 67,85,174,264,0
2020-12-14_11-12-02-120tommy2_png.rf.8283ec61638fc7eb8a925bb6e9552a4f.jpg 172,210,199,235,2 165,244,201,256,1 145,146,233,279,0
2020-12-14_11-12-00-32tommy2_png.rf.875fc416e1632f1ece64f1ac5702cb47.jpg 182,209,208,237,2 175,243,211,257,1 149,156,241,275,0
2020-12-16_13-05-50-112tomo2_png.rf.84ada9ea135059b3c1f58ad4ac990d11.jpg 190,198,213,218,2 184,225,215,241,1 162,156,238,268,0
2020-12-14_11-07-28-8ishikawa_png.rf.887f921996b6f6d41c12ea18417cbf23.jpg 196,206,213,226,2 194,227,223,239,1 153,159,239,254,0
2020-12-14_11-16-50-124mariko4_png.rf.8631f0f8f1b4597a431300ffb0841c8a.jpg 233,189,254,212,2 221,214,250,234,1 189,151,278,257,0
2020-12-14_11-16-00-128mariko3_png.rf.875b3178626964c63d167e7c6240f91a.jpg 209,178,233,196,2 208,199,238,214,1 179,152,264,246,0
2020-12-14_11-18-29-104tommy3_png.rf.8866ca94dcc5ccbf1939d1b42c15d5d0.jpg 245,243,264,265,2 232,268,263,286,1 191,206,279,310,0
2020-12-16_12-47-04-100takahashi_png.rf.85df7025c416a25c24d5eacb6d7ee006.jpg 265,175,294,219,2 256,226,285,247,1 177,82,298,281,0
2020-12-14_11-18-26-28tommy3_png.rf.88b03b23f2fe6a35f6deb594be13d83c.jpg 153,250,169,271,2 157,273,185,293,1 137,209,224,317,0
2020-12-16_13-12-41-108tomo2_png.rf.87e3a26cf022bbf781d5bcfcdabf3e85.jpg 211,112,231,135,2 201,137,230,157,1 179,63,263,182,0
2020-12-16_13-09-14-88sige_png.rf.84dd2655b998b34138ca2d04c6852a9f.jpg 222,184,243,210,2 217,214,244,237,1 185,133,273,263,0
2020-12-14_11-07-29-32ishikawa_png.rf.880eac9827531750d86d7ed51b2d212a.jpg 224,211,242,229,2 222,233,243,245,1 195,169,272,262,0
2020-12-16_13-11-43-116tomo_png.rf.89aebabb40371b31c046a0851099b16d.jpg 175,141,197,152,2 174,155,201,175,1 143,115,226,214,0
2020-12-16_13-04-53-96tomo_png.rf.8a0beb72de1f5e3f30d75a3ad25ebcc2.jpg 192,194,213,218,2 185,224,213,249,1 157,145,243,272,0
2020-12-14_11-09-21-48mariko1_png.rf.89cf3f26c2a2994edcf72d234d7ff3d8.jpg 193,213,217,238,2 190,244,220,260,1 164,155,248,271,0
2020-12-14_11-09-21-44mariko1_png.rf.8af369317808ebbd9cda2e7e564e03ac.jpg 194,199,217,224,2 190,229,218,245,1 165,158,247,262,0
2020-12-16_13-18-54-28sihekia_png.rf.89678168f5f2d75812df0af752756b87.jpg 128,110,146,127,2 126,130,151,143,1 105,88,190,179,0
2020-12-16_13-18-56-116sihekia_png.rf.9139365f4e27d05340cc7d789c778565.jpg 126,103,146,120,2 126,124,156,136,1 102,91,183,169,0
2020-12-16_13-08-01-0afafgaget_png.rf.8bcc7887f9522d147f2d92c205d49933.jpg 192,223,208,244,2 187,252,210,264,1 164,167,233,278,0
2020-12-16_13-09-13-52sige_png.rf.8e542557e1111f552afd90663325083e.jpg 232,192,256,222,2 227,229,254,253,1 183,124,281,279,0
2020-12-16_12-47-04-96takahashi_png.rf.8e5eda1bc3158322126f5635a2fd35f6.jpg 206,185,241,230,2 197,246,244,263,1 158,69,290,285,0
2020-12-16_13-09-51-128sige_png.rf.8cf728c3c444e986afb2516b2206ec13.jpg 272,215,309,260,2 255,265,307,290,1 201,120,338,330,0
2020-12-16_13-11-39-32tomo_png.rf.8be83dd07311c10188a9970c2079641a.jpg 160,157,183,183,2 160,185,190,201,1 129,104,221,221,0
2020-12-16_13-11-43-92tomo_png.rf.8ec01594b3fcf8e39774f8a446797f7b.jpg 162,178,186,203,2 158,207,195,224,1 129,85,226,243,0
2020-12-14_11-12-01-52tommy2_png.rf.8c91e1d9691401d3883ee4b77a4ddb25.jpg 155,206,177,230,2 152,237,186,252,1 136,163,215,271,0
2020-12-14_11-07-31-124ishikawa_png.rf.8a73adf92b5489e6cc112d5abb785bd5.jpg 144,221,163,245,2 147,250,173,265,1 118,185,206,284,0
2020-12-14_11-15-59-84mariko3_png.rf.8c7163c7b5476df71776c66bc3a7e73a.jpg 235,180,256,197,2 223,202,253,220,1 198,149,273,247,0
2020-12-14_11-19-14-96tommy4_png.rf.8b9e02c9145f0b2908ea395d045775c1.jpg 162,230,182,255,2 166,258,193,274,1 133,202,223,296,0
2020-12-16_13-11-38-8tomo_png.rf.909d0002a9adf5146cc65a77fd2c0ae3.jpg 171,147,192,161,2 169,165,197,179,1 138,119,224,212,0
2020-12-16_13-18-54-16sihekia_png.rf.924bc2c5d87a496f81d83022aa6b9189.jpg 128,111,144,128,2 127,129,152,141,1 102,88,188,182,0
2020-12-16_13-05-48-4tomo2_png.rf.8fb83983ce67120db2b48b7f4acd3305.jpg 188,222,208,244,2 180,246,211,261,1 162,167,233,280,0
2020-12-16_13-09-50-88sige_png.rf.8a2d3c53943383a8d09345b64a290475.jpg 270,213,302,251,2 263,256,296,275,1 219,122,330,300,0
2020-12-14_11-15-57-40mariko3_png.rf.8f6ec41dfcaf60977b2aa351e99955ba.jpg 262,188,280,210,2 248,208,273,230,1 210,160,290,255,0
2020-12-14_11-09-21-24mariko1_png.rf.92543f815fb8ca2026096f1fe5a46a58.jpg 176,192,197,214,2 179,216,205,231,1 153,169,233,262,0
2020-12-14_11-12-01-76tommy2_png.rf.8a6cb047f5f5b9bb464ddacd1a762b10.jpg 224,213,245,238,2 211,244,238,260,1 176,168,259,274,0
2020-12-14_11-19-13-72tommy4_png.rf.9266e9f5c01b619b59dd5785e09092bb.jpg 179,227,201,249,2 181,248,208,268,1 141,200,232,291,0
2020-12-16_13-09-49-32sige_png.rf.9396fd538d040fcce1c599b1bf07309f.jpg 270,251,295,285,2 261,289,298,309,1 205,131,321,323,0
2020-12-14_11-18-26-36tommy3_png.rf.92e3cf6f3766d8fdf0e650aab6f9373e.jpg 228,244,250,264,2 221,267,252,287,1 182,207,270,309,0
2020-12-16_13-17-45-80sihekia_png.rf.91e71906b1c11b1656c1019fbf813811.jpg 115,109,131,125,2 117,123,142,137,1 100,90,186,180,0
2020-12-14_11-16-47-56mariko4_png.rf.93dbe38a61bffec49f620012a672e06f.jpg 222,177,243,194,2 214,198,248,213,1 189,151,270,246,0
2020-12-14_11-19-13-36tommy4_png.rf.946cc556c6838d0bda62fef84cbb81e1.jpg 178,230,199,254,2 178,257,207,273,1 137,200,230,298,0
2020-12-16_13-07-05-48tomo2_png.rf.8d2be727629b726f6e3c7efc35bf118f.jpg 205,206,223,222,2 197,223,221,234,1 174,181,231,263,0
2020-12-16_13-14-58-24avavavvavavavava_png.rf.9473a8da2b9ce66c3fb90258385ada36.jpg 166,104,183,120,2 160,122,189,136,1 132,79,215,174,0
2020-12-14_11-11-18-32tommy1_png.rf.94f1164c0f6f7b3d2d11308a5a1e6595.jpg 187,211,213,240,2 182,246,214,262,1 149,152,244,278,0
2020-12-16_13-15-46-112avavavvava_png.rf.98210fea9cf12e9c5ae08dac62b340e8.jpg 167,104,185,120,2 163,122,189,143,1 133,81,213,179,0
2020-12-14_11-13-54-92nanri2_png.rf.9b84c9a62c9c6481cd923ce1dbb40b71.jpg 196,200,213,215,2 194,219,215,235,1 179,182,236,259,0
2020-12-16_13-09-15-124sige_png.rf.9b25227744c22effad17f3f41db509ae.jpg 226,226,246,250,2 216,255,245,270,1 180,164,278,286,0
2020-12-16_13-05-49-56tomo2_png.rf.984c09ca924c5e15839d851765d864d7.jpg 199,198,222,222,2 193,232,222,248,1 162,148,241,269,0
2020-12-14_11-21-09-64nanri4_png.rf.989f72784584aafc5175afa5fa292ca9.jpg 166,190,189,207,2 169,213,198,235,1 145,162,235,262,0
2020-12-14_11-13-54-108nanri2_png.rf.924fda389cffd0e58a27cf59d59c71b8.jpg 218,215,234,234,2 215,239,233,258,1 189,181,252,262,0
2020-12-16_13-04-51-0tomo_png.rf.99814823fe20c20c0bb70084088c9b4b.jpg 186,214,212,242,2 182,248,214,264,1 160,149,240,283,0
2020-12-16_13-12-40-80tomo2_png.rf.96038bc28cc096da4df7aab649597e09.jpg 219,102,240,121,2 209,120,235,140,1 180,71,269,174,0
2020-12-14_11-18-26-40tommy3_png.rf.9c2e4e6859f33f714fe63588e57fabb0.jpg 213,242,239,261,2 207,267,240,286,1 176,207,262,304,0
2020-12-16_13-09-14-68sige_png.rf.93ad5926d3a7d5b3b24ca0846a6ceb55.jpg 226,212,252,242,2 219,250,253,270,1 172,127,281,295,0
2020-12-16_13-09-13-48sige_png.rf.997b8ee1f47d0406a359dd383924ac57.jpg 210,206,232,232,2 201,238,231,253,1 165,131,262,275,0
2020-12-16_13-08-03-72afafgaget_png.rf.98e904184af20160563d41bcd6adc577.jpg 204,211,221,231,2 196,236,222,253,1 174,177,243,269,0
2020-12-16_13-12-37-48tomo2_png.rf.9b9831f9e1763580a79d812c679b8fc0.jpg 201,109,221,121,2 192,122,223,141,1 169,97,251,167,0
2020-12-14_11-10-24-68mariko2_png.rf.9df304798953162659422370f68d4646.jpg 186,221,204,247,2 181,252,207,267,1 158,168,233,280,0
2020-12-14_11-13-54-120nanri2_png.rf.9900564c6eb1f7d56a84ba8da338392f.jpg 185,233,203,256,2 183,261,208,275,1 165,188,225,285,0
2020-12-14_11-07-30-88ishikawa_png.rf.9c8a01f77ff4a0a943f8da3e3aa4d8e4.jpg 186,230,205,252,2 195,246,221,267,1 143,187,237,287,0
2020-12-14_11-12-00-20tommy2_png.rf.97a524c71e73aff1ca56cc74f296ab13.jpg 167,199,188,218,2 163,224,199,240,1 148,165,225,260,0
2020-12-14_11-16-00-120mariko3_png.rf.99625350b2dd7832dbda496b3b9985a1.jpg 209,177,232,195,2 206,198,238,211,1 178,149,262,250,0
2020-12-14_11-09-22-84mariko1_png.rf.9f6c899d38da47fd360584af07a78496.jpg 198,201,220,228,2 193,234,218,249,1 168,156,249,267,0
2020-12-14_11-20-21-40nanri3_png.rf.a16614dca0777ac1c5b5cb09decf1772.jpg 223,179,249,200,2 216,199,243,222,1 187,156,272,250,0
2020-12-16_12-44-07-24takahashi_png.rf.a0b4f544bd270568b751171848dbeb07.jpg 201,196,221,221,2 194,231,225,245,1 157,147,255,277,0
2020-12-14_11-11-19-68tommy1_png.rf.9e9ecdfad5a4d766d9b87e1ee12ff124.jpg 177,206,205,233,2 174,239,204,253,1 146,151,235,275,0
2020-12-16_13-12-40-64tomo2_png.rf.9d06fe2a410f86c2e87042da4f73353e.jpg 229,103,248,119,2 214,121,243,144,1 185,88,264,172,0
2020-12-16_12-47-04-88takahashi_png.rf.a08acf7835edfcb17b71be80bfccd38e.jpg 193,167,224,202,2 180,212,219,234,1 153,82,264,257,0
2020-12-14_11-11-17-16tommy1_png.rf.9dfa76c6b70fe6ecda80ab2000cd491b.jpg 181,211,206,237,2 178,241,208,255,1 154,152,238,276,0
2020-12-14_11-20-21-24nanri3_png.rf.a3890e003116a566033a57b8f4903dd5.jpg 263,203,282,232,2 249,229,272,252,1 223,164,297,265,0
2020-12-16_13-18-56-108sihekia_png.rf.a0b93ca9dc8e32a4f89e6c78e520f319.jpg 147,101,168,116,2 146,119,174,134,1 110,89,190,171,0
2020-12-16_13-09-14-76sige_png.rf.a04221e530a484d924278434280dfece.jpg 213,201,233,223,2 206,228,238,247,1 178,135,264,277,0
2020-12-16_12-44-08-120takahashi_png.rf.a142feab8c80ee96292089d4d8006b74.jpg 223,215,245,243,2 208,247,233,265,1 183,154,269,285,0
2020-12-16_13-17-45-88sihekia_png.rf.a49600e22dc1b8c9daa2d61636ab24a2.jpg 133,105,152,120,2 131,121,160,135,1 104,93,191,177,0
2020-12-14_11-13-53-68nanri2_png.rf.a269734f084bf98553f81f370f576ae8.jpg 162,201,178,219,2 158,225,179,241,1 140,169,204,253,0
2020-12-14_11-16-46-0mariko4_png.rf.a2f5f046816626882a8aef65d79c9492.jpg 211,176,235,193,2 206,198,240,214,1 181,151,264,251,0
2020-12-16_13-09-12-4sige_png.rf.a345ec6fd164c6323cbf91d4351c2995.jpg 179,237,199,260,2 176,263,201,280,1 150,170,231,295,0
2020-12-16_13-08-03-64afafgaget_png.rf.a46e69a21e5bbf596ff21a3ab397cd08.jpg 186,216,203,235,2 182,240,202,261,1 160,176,226,269,0
2020-12-14_11-07-30-84ishikawa_png.rf.a5f18f0e741baf2f1088b87efd8f19ab.jpg 204,209,220,226,2 204,229,232,240,1 181,187,259,273,0
2020-12-16_13-17-43-52sihekia_png.rf.a3def28c58ca66d524656410714473d1.jpg 124,103,141,119,2 124,122,153,138,1 100,95,177,171,0
2020-12-14_11-11-19-100tommy1_png.rf.9f8b6f38558c9cff5f0d4f2dc2722001.jpg 189,209,213,236,2 184,241,216,255,1 155,154,238,273,0
2020-12-14_11-21-08-8nanri4_png.rf.a5b45cb53b59a51fe33574417db011d4.jpg 204,182,222,200,2 200,206,233,222,1 175,161,252,254,0
2020-12-14_11-07-30-68ishikawa_png.rf.a4876a8d35aaaba43d41c0c93e559c24.jpg 207,206,225,220,2 211,224,235,235,1 186,193,257,270,0
2020-12-14_11-12-02-112tommy2_png.rf.a610ca59d25095cf911f4921204f28c1.jpg 172,212,192,238,2 166,245,199,261,1 147,160,228,276,0
2020-12-14_11-20-22-56nanri3_png.rf.a3bdd6d2501966a064d2159902f8ac56.jpg 179,191,198,212,2 180,214,208,235,1 157,161,246,257,0
2020-12-14_11-15-57-28mariko3_png.rf.a0bdc9dd93975b31599659c8204a7845.jpg 176,184,196,201,2 180,204,206,219,1 160,155,243,244,0
2020-12-14_11-11-19-64tommy1_png.rf.a5c77e6cec4de6e63e4953ccc1446d71.jpg 166,206,190,236,2 165,241,193,256,1 140,152,233,276,0
2020-12-16_12-47-05-124takahashi_png.rf.a8b0899fee4d488c3ad6abafbd7d82c5.jpg 169,147,198,173,2 160,186,195,201,1 127,97,235,242,0
2020-12-14_11-15-58-56mariko3_png.rf.a795955ab45f7e936605615cc529945e.jpg 177,186,194,204,2 177,208,208,223,1 153,158,237,246,0
2020-12-16_13-15-00-104avavavvavavavava_png.rf.a9db9955850d1732d6bb82ce27a52cb6.jpg 171,102,192,116,2 164,120,195,139,1 136,79,216,168,0
2020-12-16_13-07-07-108tomo2_png.rf.ab1274e92e8f1ee38fc797c802728d7e.jpg 165,205,180,216,2 160,221,181,235,1 157,190,215,262,0
2020-12-16_13-18-55-88sihekia_png.rf.a8d67ba85ca7c439e25489365dc9ea71.jpg 119,106,134,123,2 120,123,145,136,1 97,88,181,177,0
2020-12-16_13-12-40-72tomo2_png.rf.a9c72dd716f7f74c7d0517fd081fada1.jpg 226,107,247,129,2 214,128,243,150,1 186,71,274,180,0
2020-12-14_11-13-52-28nanri2_png.rf.a8ff59469c9040d56d04000da9bde60b.jpg 195,203,213,223,2 192,228,215,240,1 176,166,236,256,0
2020-12-14_11-15-57-48mariko3_png.rf.a79330cdf10453f358b273fe378a6bd3.jpg 195,181,220,197,2 194,201,226,215,1 167,151,251,244,0
2020-12-16_13-07-07-104tomo2_png.rf.ab2942482b1bdbc60da1f1934d1d2052.jpg 164,205,176,218,2 159,220,181,235,1 157,192,214,262,0
2020-12-14_11-10-24-104mariko2_png.rf.a8c3892b12f29e319b8391b0b09ff859.jpg 189,222,209,247,2 184,252,210,265,1 160,170,234,280,0
2020-12-14_11-16-46-32mariko4_png.rf.a7aa5cb070922ab08efe08af8730c000.jpg 136,212,151,230,2 148,223,169,245,1 131,180,214,260,0
2020-12-14_11-15-59-92mariko3_png.rf.a6cb3f693fff6e6099c261a3ae205dba.jpg 138,212,155,233,2 149,226,171,246,1 133,171,221,256,0
2020-12-14_11-10-24-112mariko2_png.rf.aaeb2e1c39110d7921f4e4c1b576f778.jpg 208,221,229,249,2 195,246,217,266,1 178,177,257,279,0
2020-12-14_11-16-46-24mariko4_png.rf.aac50d83e776b75bb33cfcd6ead66635.jpg 203,176,226,191,2 200,196,230,211,1 177,152,261,247,0
2020-12-14_11-21-11-124nanri4_png.rf.aa7d526e1a0aefbd3b325a974a257ec0.jpg 206,177,228,198,2 198,202,234,220,1 172,160,257,253,0
2020-12-16_12-50-48-68takahashi_png.rf.aa895d0027c0cdf03b817ed94d8f3a57.jpg 219,202,255,251,2 206,258,247,280,1 157,85,282,295,0
2020-12-16_13-04-53-88tomo_png.rf.a8ffeb965126affff46b3e67c7034804.jpg 190,208,213,232,2 180,241,210,258,1 156,147,240,276,0
2020-12-16_13-07-07-120tomo2_png.rf.ab8d03d4222cfaec99f7779dd50c88f3.jpg 169,210,185,226,2 168,231,190,245,1 154,177,218,266,0
2020-12-14_11-13-52-16nanri2_png.rf.a9567c15430be5faf1c68c69a3989ecd.jpg 192,201,210,221,2 188,227,213,238,1 172,163,232,253,0
2020-12-16_13-05-49-68tomo2_png.rf.a93b6f9521c7661dc45c567139c9d449.jpg 193,230,216,253,2 183,256,217,272,1 159,149,241,291,0
2020-12-14_11-15-59-64mariko3_png.rf.aa571fea3d107f37a70d1ef87f2f4d30.jpg 143,205,159,226,2 153,220,175,240,1 133,175,212,256,0
2020-12-16_13-11-43-84tomo_png.rf.af9db3cad05f5467082c58ac69d325ca.jpg 167,157,190,185,2 164,188,196,207,1 129,91,219,223,0
2020-12-14_11-07-29-48ishikawa_png.rf.aa98c4bfc4bcd04539db2d09a6b51275.jpg 207,216,223,236,2 206,239,229,252,1 179,166,254,268,0
2020-12-16_12-44-07-36takahashi_png.rf.ae761ab46453ad9ad70c87bb6a51fb4c.jpg 201,196,221,220,2 198,232,224,245,1 160,149,255,276,0
2020-12-14_11-11-21-128tommy1_png.rf.ad8d7e55a3cedf299cd0340e28ad16af.jpg 187,197,212,222,2 182,230,214,243,1 158,156,241,268,0
2020-12-16_12-44-07-76takahashi_png.rf.ae18ce4e8684f9eeec31f66932a70dc8.jpg 174,198,193,221,2 177,227,204,241,1 146,152,239,271,0
2020-12-16_13-04-53-84tomo_png.rf.abd67ec081b311f592896fa719a9689f.jpg 188,209,210,234,2 180,243,210,260,1 154,148,237,276,0
2020-12-14_11-12-02-108tommy2_png.rf.abfde8bafae51d375146410ebaefa758.jpg 180,211,201,234,2 172,241,204,257,1 151,160,232,270,0
2020-12-16_13-05-49-52tomo2_png.rf.b209e36d1b2f3de0432e945f6326d95d.jpg 196,196,217,219,2 188,228,216,244,1 160,149,242,268,0
2020-12-14_11-18-27-72tommy3_png.rf.acb3e2ab52e55aa49bef409a561b2044.jpg 261,247,281,273,2 251,271,280,295,1 212,209,292,312,0
2020-12-16_12-44-08-104takahashi_png.rf.afbdf3d7d66e56b0839ba89941fadbef.jpg 216,214,240,242,2 200,245,226,261,1 176,154,274,281,0
2020-12-16_12-47-02-12takahashi_png.rf.afa0a82843bf51a5d759e1af4b2da731.jpg 244,159,279,205,2 235,218,279,245,1 150,67,287,278,0
2020-12-16_13-08-03-88afafgaget_png.rf.b0d2b32ad412bdfe0f88240c8ba49aab.jpg 163,226,182,244,2 162,251,185,265,1 148,174,216,276,0
2020-12-14_11-11-19-96tommy1_png.rf.ac0ef8ed59cc3d70938ef857a9097e9b.jpg 183,213,209,239,2 181,244,212,258,1 152,155,238,274,0
2020-12-16_12-47-04-92takahashi_png.rf.acabd191fbef035ea47a5d84fb21cd41.jpg 199,182,233,224,2 194,236,237,255,1 151,74,273,281,0
2020-12-14_11-19-13-32tommy4_png.rf.b2f7588d9d006a4c54a1ee675954c503.jpg 159,237,179,256,2 163,260,186,278,1 129,203,223,300,0
2020-12-16_13-05-49-48tomo2_png.rf.b4ae59a20e7c0dfa481324f1277833ba.jpg 190,193,213,215,2 182,224,217,243,1 153,146,235,266,0
2020-12-14_11-20-23-88nanri3_png.rf.ac6ce71745d2aa6b83a38df97ca0f867.jpg 238,191,259,218,2 228,220,257,238,1 195,159,279,260,0
2020-12-14_11-12-02-104tommy2_png.rf.b20b58a2d5894df549663813a7053638.jpg 179,210,204,235,2 171,240,208,260,1 150,161,227,273,0
2020-12-16_13-09-14-104sige_png.rf.b3e10006484f1a9cefa30c626c21d79a.jpg 223,193,245,219,2 216,223,246,243,1 181,131,276,268,0
2020-12-16_12-47-02-0takahashi_png.rf.b56b51d53074760063abee9d81b05dd0.jpg 177,167,219,211,2 168,229,221,251,1 127,63,268,278,0
2020-12-14_11-12-52-0nanri1_png.rf.ade72dedd01c9c6869f67abccfb846b0.jpg 222,191,246,212,2 221,216,247,229,1 199,150,265,244,0
2020-12-14_11-20-23-104nanri3_png.rf.b46655d1c6568163be3f4317e0cad91a.jpg 187,180,206,200,2 187,205,214,225,1 168,158,248,252,0
2020-12-14_11-18-28-92tommy3_png.rf.b0b67eb9bf17e96464720df3ec8e9eb7.jpg 141,251,160,276,2 146,276,176,302,1 131,210,218,318,0
2020-12-16_12-44-07-64takahashi_png.rf.b6804d66d3b9075a693afc5c1cbf2af8.jpg 244,254,265,284,2 222,285,251,299,1 193,154,284,313,0
2020-12-14_11-13-54-104nanri2_png.rf.b686eb195724d98f1e938d95b2996327.jpg 172,220,188,238,2 173,241,191,259,1 163,184,226,272,0
2020-12-14_11-19-13-24tommy4_png.rf.b3e138037f07d00394f6fd176ea6d95a.jpg 140,240,160,264,2 145,268,170,284,1 121,202,215,304,0
2020-12-14_11-16-47-52mariko4_png.rf.b3644dbe5d4c41900c3a462a9a868009.jpg 235,177,253,193,2 226,198,254,212,1 194,154,278,247,0
2020-12-16_13-15-44-12avavavvava_png.rf.b6222f92b7b5ffb4d50d6c21314810d8.jpg 152,108,171,123,2 147,126,175,144,1 118,81,205,181,0
2020-12-14_11-15-58-52mariko3_png.rf.b5dcdd7b251a0d16b2b4c68e7f22ba2d.jpg 191,183,212,200,2 189,204,220,218,1 165,152,250,245,0
2020-12-16_13-05-50-116tomo2_png.rf.b73b6f843bcfe0cfd24816ff16e5300f.jpg 189,199,214,221,2 183,228,216,243,1 160,154,239,270,0
2020-12-16_13-15-45-68avavavvava_png.rf.b7ca5d4da4fab45ae4099b2c3ec3558b.jpg 99,128,115,149,2 106,144,130,169,1 86,92,165,185,0
2020-12-16_12-44-08-96takahashi_png.rf.b880d9e75f03b3e13bcf5280f63c01fa.jpg 201,213,226,242,2 196,251,228,262,1 167,143,255,284,0
2020-12-16_13-11-38-20tomo_png.rf.b573dabe48dc60e5990f88d13ff32648.jpg 200,151,220,173,2 193,174,226,189,1 155,115,239,216,0
2020-12-14_11-16-00-112mariko3_png.rf.b733a7633957bd79359c5a6d2da9be21.jpg 212,176,235,193,2 208,194,238,208,1 182,148,263,240,0
2020-12-16_13-08-01-24afafgaget_png.rf.b89641f0f96c6ca81382d6d204a27047.jpg 169,215,184,225,2 169,228,189,240,1 160,199,217,263,0
2020-12-14_11-16-49-108mariko4_png.rf.b76c6354d054c7fe57f042e292bc12f5.jpg 219,180,240,201,2 211,206,241,221,1 187,151,266,249,0
2020-12-14_11-12-56-92nanri1_png.rf.b09385f6da1d730db6c569039cfb5c7a.jpg 199,187,219,205,2 190,209,224,225,1 175,151,243,243,0
2020-12-16_13-09-14-96sige_png.rf.ba06d2cb32c39132d49b1bbcca4ffe8f.jpg 204,186,228,215,2 201,219,226,239,1 174,134,263,266,0
2020-12-14_11-13-54-116nanri2_png.rf.b922021d1e8cab37ece65fa99f1b59db.jpg 166,222,184,245,2 168,249,189,265,1 156,185,223,275,0
2020-12-14_11-11-17-4tommy1_png.rf.baeaa4bb2e22604481125485d90aa61f.jpg 162,204,182,228,2 156,231,185,251,1 143,154,225,270,0
2020-12-14_11-20-21-36nanri3_png.rf.bc4ba1791904809a1c3118df594dc537.jpg 179,184,200,207,2 181,205,206,226,1 161,159,242,252,0
2020-12-14_11-13-53-80nanri2_png.rf.bbe20f8986e954d1c2a5a99985676ff6.jpg 215,201,231,220,2 208,227,231,250,1 189,169,248,257,0
2020-12-16_12-47-02-4takahashi_png.rf.bb88beab5475ae1b2091f3d00c378575.jpg 185,167,224,212,2 178,229,229,250,1 142,65,265,278,0
2020-12-14_11-21-09-72nanri4_png.rf.ba0cfd5591286e474d9ba7977c50294c.jpg 193,183,215,198,2 191,204,220,228,1 166,162,246,250,0
2020-12-16_13-18-56-96sihekia_png.rf.bd1f98d8c96bf625651abc02c21e4386.jpg 141,105,163,118,2 140,122,166,136,1 108,88,193,176,0
2020-12-16_13-05-50-80tomo2_png.rf.ba88ae3e8428c7a9bb90a88a10bbed59.jpg 191,250,213,277,2 178,275,217,297,1 158,151,248,305,0
2020-12-16_13-18-56-124sihekia_png.rf.bf96ec9429f6c73dacdc326d9999bf97.jpg 129,107,146,125,2 129,127,154,142,1 105,90,184,177,0
2020-12-14_11-20-23-72nanri3_png.rf.bdf1cd8bab2b10f34361a3113cfa6f5e.jpg 192,183,213,203,2 188,208,216,227,1 167,157,255,256,0
2020-12-14_11-20-23-100nanri3_png.rf.bfd46aa29b1090cd61b5e268fd8af85a.jpg 180,185,199,205,2 180,206,212,228,1 160,158,241,252,0
2020-12-16_13-15-00-112avavavvavavavava_png.rf.be3a2b8c86b1ec7b58e2bf4c9eeea6be.jpg 161,100,179,116,2 154,118,186,134,1 127,83,211,169,0
2020-12-16_13-04-52-40tomo_png.rf.b5793321888999de478c83cec07f5e82.jpg 213,215,237,246,2 199,249,233,270,1 163,147,252,281,0
2020-12-14_11-09-21-28mariko1_png.rf.bf3af847f46c921c50863b777b5f21f2.jpg 183,210,203,239,2 180,240,206,253,1 151,165,234,267,0
2020-12-14_11-12-01-56tommy2_png.rf.c013aa76d03e3d6fae223064fbb45c54.jpg 188,205,215,226,2 181,232,213,248,1 153,158,238,268,0
2020-12-16_13-17-42-12sihekia_png.rf.bc744ecfa4d2c6646130f18016602daa.jpg 131,104,152,122,2 130,126,156,138,1 105,77,190,173,0
2020-12-16_12-50-49-80takahashi_png.rf.bf9b0d31a9f59766f5f47240c3464289.jpg 158,177,193,221,2 150,233,192,255,1 128,73,254,280,0
2020-12-14_11-13-52-56nanri2_png.rf.bf8da190370314de785ad19818e290d9.jpg 207,210,223,232,2 202,235,226,248,1 184,175,247,263,0
2020-12-16_12-50-48-64takahashi_png.rf.c1475c9ab27f51299ee52650d228cb66.jpg 223,147,255,184,2 217,193,253,216,1 151,87,276,245,0
2020-12-14_11-20-23-84nanri3_png.rf.bf57b7a56c6358cec29c1a5521913ef1.jpg 223,195,243,219,2 215,222,246,240,1 184,161,266,268,0
2020-12-16_13-09-49-52sige_png.rf.bde37279a3666078b9d7137fa37d93d7.jpg 225,202,242,227,2 219,229,245,250,1 190,156,265,270,0
2020-12-16_12-50-49-84takahashi_png.rf.c073526e2dd1f9907af4461a1117b6db.jpg 174,157,208,193,2 165,207,205,227,1 135,83,255,261,0
2020-12-14_11-15-57-20mariko3_png.rf.bfbbf766581bbb27bced4f0fd374a250.jpg 159,196,176,213,2 164,209,187,226,1 151,165,232,243,0
2020-12-14_11-10-24-56mariko2_png.rf.c1731b2021a2692d2876e10a5e39d15e.jpg 188,213,207,234,2 184,240,209,252,1 160,170,231,273,0
2020-12-16_12-50-49-104takahashi_png.rf.c12038ea5748a9c29894e351edcd8083.jpg 164,181,193,214,2 160,228,201,248,1 134,83,250,270,0
2020-12-16_13-09-14-84sige_png.rf.c1adf13088375dbfa1aafffcd95aef1b.jpg 210,186,230,209,2 203,214,234,234,1 181,149,254,251,0
2020-12-14_11-12-54-56nanri1_png.rf.c088fad8fa310723f8891d155a59f78b.jpg 189,193,207,212,2 183,218,213,230,1 166,153,236,252,0
2020-12-16_12-50-50-112takahashi_png.rf.c52e75dd3e0b42eba6570982514b4235.jpg 188,171,218,206,2 181,219,221,238,1 152,86,258,264,0
2020-12-16_13-09-12-20sige_png.rf.c43e52072c61d474e7fefdfb09931066.jpg 197,207,215,227,2 195,231,217,249,1 165,164,243,272,0
2020-12-14_11-11-21-120tommy1_png.rf.c2038ff025ab9033172b3f2be9bdb994.jpg 189,198,214,226,2 181,232,213,248,1 155,151,241,268,0
2020-12-14_11-07-31-104ishikawa_png.rf.c4beb849a87e275203618ebbbc91d7f1.jpg 199,215,215,235,2 200,232,227,250,1 173,184,254,274,0
2020-12-14_11-19-14-108tommy4_png.rf.c14d7fc01800ea157f99d840240bda0a.jpg 157,231,183,256,2 162,257,187,278,1 133,200,227,292,0
2020-12-14_11-18-26-12tommy3_png.rf.c32d9dbdfb4a117a3619b3f633d81624.jpg 165,237,185,259,2 167,261,200,285,1 145,204,235,304,0
2020-12-14_11-16-47-80mariko4_png.rf.c2ce16ddc11f3919168592e251630fdd.jpg 201,178,222,197,2 198,201,229,216,1 173,151,258,248,0
2020-12-16_12-44-07-68takahashi_png.rf.c33e2998aeb591d2b10fd3e29cc83d6c.jpg 249,217,269,245,2 234,247,259,261,1 194,159,282,282,0
2020-12-14_11-11-19-44tommy1_png.rf.c5c7105aa75d0fc79d685d618310d26a.jpg 219,216,243,244,2 209,246,239,263,1 165,154,257,276,0
2020-12-16_13-17-45-112sihekia_png.rf.c56c10d14ed8bf84d8febf59b1ec7e80.jpg 121,105,138,121,2 118,120,146,134,1 101,90,178,176,0
2020-12-14_11-21-09-56nanri4_png.rf.c1a364007e393d62755ce9ba1f3d2cfa.jpg 202,181,221,200,2 194,203,229,219,1 170,156,252,256,0
2020-12-16_12-44-07-88takahashi_png.rf.c594d45667dbecc6fbf84f17042160ae.jpg 200,215,225,244,2 194,252,225,266,1 166,147,250,279,0
2020-12-14_11-11-19-56tommy1_png.rf.c7757df8541ab9345eae33498cc551b5.jpg 175,207,201,235,2 171,242,205,257,1 147,151,239,275,0
2020-12-14_11-11-20-112tommy1_png.rf.c99f270c0987a0ae5a73b0113ee58142.jpg 178,211,205,238,2 170,244,209,260,1 147,156,233,275,0
2020-12-14_11-18-29-124tommy3_png.rf.c9f7e636270050af2510475e89023de4.jpg 218,236,241,258,2 212,261,241,277,1 179,210,263,302,0
2020-12-16_13-18-55-60sihekia_png.rf.ca441f465585a694503e5e341fb76af2.jpg 126,110,146,127,2 127,129,152,141,1 102,87,190,179,0
2020-12-16_13-05-48-24tomo2_png.rf.cae556d6680604351f479d648b667152.jpg 221,200,242,224,2 210,229,237,250,1 174,148,257,278,0
2020-12-14_11-21-08-44nanri4_png.rf.c87c379f94da13eb97f352582700fe0f.jpg 200,180,219,201,2 196,205,226,224,1 166,158,250,254,0
2020-12-16_13-12-37-56tomo2_png.rf.c7a717283d0504a11029c42485a88132.jpg 208,103,229,118,2 200,118,229,141,1 170,87,254,165,0
2020-12-16_13-14-59-48avavavvavavavava_png.rf.c7399ac3fa5f503ff0c488485fdc2650.jpg 110,119,125,138,2 115,134,137,155,1 92,87,174,178,0
2020-12-16_13-04-53-76tomo_png.rf.c814d5f2b6ef0c5d01e0a91c2c02fa08.jpg 189,211,212,239,2 182,245,211,261,1 148,145,239,278,0
2020-12-14_11-12-00-28tommy2_png.rf.c919745ef998c217aa574c539fa6c005.jpg 218,216,238,246,2 204,251,237,266,1 169,161,256,275,0
2020-12-14_11-12-00-4tommy2_png.rf.c60023b4cb45d3a139c390a641196735.jpg 181,202,204,225,2 176,229,205,243,1 153,160,232,265,0
2020-12-14_11-09-23-112mariko1_png.rf.ca4c02439ef4c6261ce12b96db1855d0.jpg 208,217,232,243,2 195,246,226,265,1 176,157,256,277,0
2020-12-16_13-17-44-76sihekia_png.rf.ccad34aa6ee6905162f56557061b0301.jpg 115,101,136,117,2 115,122,145,138,1 89,70,175,175,0
2020-12-16_13-15-46-108avavavvava_png.rf.cf460941d266f216fa6a935316fff20b.jpg 166,106,192,122,2 166,122,190,144,1 136,79,213,177,0
2020-12-16_13-15-45-56avavavvava_png.rf.d0988b83c437e27c237905def11a8716.jpg 99,130,118,151,2 105,148,130,169,1 86,97,167,183,0
2020-12-14_11-11-19-80tommy1_png.rf.ce06af911191d2e01a7b05a6a8985354.jpg 179,204,205,234,2 176,240,211,253,1 153,152,234,275,0
2020-12-16_13-07-07-116tomo2_png.rf.cc0344dd4f176225ba393ed1edcfb548.jpg 199,207,214,221,2 191,224,213,239,1 165,181,231,263,0
2020-12-14_11-21-08-32nanri4_png.rf.cc3d10034bc8b6b56242aa43bf10273b.jpg 198,184,219,204,2 192,207,224,220,1 167,159,248,256,0
2020-12-14_11-21-10-116nanri4_png.rf.ccfb5b4f3d291fa0928bc603a1ed111c.jpg 253,185,276,205,2 242,203,271,227,1 205,155,281,253,0
2020-12-14_11-18-26-48tommy3_png.rf.cbe73a92672ef9b14c7b86bf14a21bd3.jpg 212,242,236,267,2 205,270,239,285,1 176,206,260,305,0
2020-12-14_11-18-28-84tommy3_png.rf.cbc71eb8ac01d5cbc02c03233d0c0618.jpg 160,245,179,267,2 162,271,190,294,1 142,207,227,313,0
2020-12-14_11-09-22-64mariko1_png.rf.d1af9e7cd19da9511bbca735f1435f1b.jpg 192,213,216,239,2 188,246,217,260,1 162,157,243,275,0
2020-12-14_11-16-48-92mariko4_png.rf.cff0f367ac34dc0a2543ae33ea3a4606.jpg 169,186,186,205,2 172,203,195,223,1 154,163,234,250,0
2020-12-14_11-12-01-80tommy2_png.rf.ce13ab04c9fe48b5d3ff4e982ec18017.jpg 175,207,199,229,2 171,238,204,253,1 151,161,233,270,0
2020-12-14_11-16-46-48mariko4_png.rf.ce6fc522a86c12b6ff77181e47c5ce98.jpg 252,180,272,201,2 238,202,268,224,1 206,156,289,251,0
2020-12-14_11-10-23-40mariko2_png.rf.ce3851cbe4de23855acbb46c821e04a5.jpg 182,222,202,245,2 177,251,207,267,1 156,168,231,278,0
2020-12-16_13-17-43-44sihekia_png.rf.d395c12cedebdf587903ea93eb9f7f6b.jpg 110,109,126,127,2 113,130,138,143,1 89,91,177,177,0
2020-12-16_13-07-07-112tomo2_png.rf.d43b1528062cf04bc58170852d9af499.jpg 204,206,219,218,2 197,222,220,236,1 173,188,231,264,0
2020-12-14_11-18-26-20tommy3_png.rf.d39c6e9d5047d519c9c87dc914a6b3f6.jpg 175,234,193,257,2 177,259,206,279,1 153,205,238,304,0
2020-12-16_13-15-44-36avavavvava_png.rf.d323f6e652cb02d57cd06e0eff5ff6f9.jpg 167,106,186,122,2 160,125,188,139,1 132,85,211,178,0
2020-12-16_12-44-07-48takahashi_png.rf.d2444be4d84031eec9f1889bc2ca8d92.jpg 222,189,243,212,2 212,215,241,228,1 176,151,269,268,0
2020-12-16_13-09-48-20sige_png.rf.ce08043f212a913fe4bc18f1ea765a7b.jpg 244,226,272,259,2 236,264,274,284,1 193,128,305,303,0
2020-12-16_13-09-49-56sige_png.rf.d24e64fb6184084a5ef4527dd917760e.jpg 223,197,240,217,2 217,220,241,241,1 190,156,264,262,0
2020-12-16_13-11-43-108tomo_png.rf.d565de997019a8a5088e674664a20812.jpg 173,142,195,157,2 171,161,201,177,1 139,120,231,211,0
2020-12-16_13-09-15-112sige_png.rf.d1dfa6be286eb610e94d28fbf7296694.jpg 200,210,221,235,2 194,238,223,258,1 173,147,256,269,0
2020-12-16_13-07-05-36tomo2_png.rf.d6e9b7a2e3c19a22472cf3c33848dd17.jpg 152,221,168,239,2 154,247,172,261,1 138,175,207,276,0
2020-12-14_11-20-21-4nanri3_png.rf.d5ade357ea2c9a757c7d6b2a00f05069.jpg 214,173,233,189,2 208,190,239,209,1 183,157,260,248,0
2020-12-16_13-08-03-76afafgaget_png.rf.d288b1bbcd63185c3c8521d05729a7e9.jpg 192,214,211,233,2 183,240,210,257,1 168,176,235,270,0
2020-12-14_11-19-14-80tommy4_png.rf.d67e9e30aa2807d51bcfb55ec77bb21c.jpg 160,231,180,255,2 164,255,189,273,1 131,202,223,298,0
2020-12-16_13-09-14-92sige_png.rf.d23ee2819a581f31e0c4b3724cc4c1b5.jpg 222,171,243,196,2 217,200,243,222,1 187,132,272,254,0
2020-12-16_13-15-45-48avavavvava_png.rf.d456896b8730d36c5264b54f4f7cb041.jpg 160,101,177,117,2 153,119,183,132,1 125,81,206,176,0
2020-12-14_11-12-56-96nanri1_png.rf.d32931f9547dbd1bb5afe1738a92d0ca.jpg 198,186,219,207,2 190,210,227,224,1 173,152,245,243,0
2020-12-16_13-15-00-88avavavvavavavava_png.rf.d7fc0e4d85c0fd58c8508ae0b285814d.jpg 165,102,183,117,2 160,118,191,136,1 132,78,211,172,0
2020-12-14_11-12-02-116tommy2_png.rf.d5340f45e7a4f49c1d44884e7b24599b.jpg 165,211,191,237,2 161,243,193,258,1 139,153,227,275,0
2020-12-14_11-18-26-44tommy3_png.rf.d4e330a4a78811ca640731aa7b8becab.jpg 208,236,231,258,2 201,260,234,280,1 172,205,257,303,0
2020-12-14_11-12-00-40tommy2_png.rf.d95ea4bfd48bb87a9215d53d9773d2a1.jpg 199,209,225,235,2 193,239,226,255,1 159,160,247,267,0
2020-12-16_13-18-56-112sihekia_png.rf.d83463cac27ee59ee0c89bdc7504e3c2.jpg 125,107,146,127,2 130,132,156,146,1 99,86,180,174,0
2020-12-14_11-19-12-16tommy4_png.rf.d0df150fd18129cd61a427c6041d27c8.jpg 152,244,172,263,2 153,267,181,283,1 128,203,217,303,0
2020-12-14_11-16-46-12mariko4_png.rf.d4cd0bed830a605d6004f3b2a0e88c5c.jpg 209,174,231,190,2 203,197,236,212,1 180,150,263,249,0
2020-12-16_13-07-06-52tomo2_png.rf.db46a438517e340a242a5a5903c27158.jpg 206,220,222,236,2 199,239,223,255,1 173,173,237,267,0
2020-12-16_13-07-07-124tomo2_png.rf.db6473d3db9b3e5dd32d8433b276d7a5.jpg 155,217,171,234,2 155,238,175,252,1 149,178,211,271,0
2020-12-14_11-10-25-120mariko2_png.rf.db5ba5ac8f5fad153fcd3ff3ab6101c6.jpg 165,223,190,250,2 178,249,200,268,1 133,176,218,283,0
2020-12-16_13-04-53-116tomo_png.rf.dc6639d5bf4bd7c2c03b7db1afaf5bef.jpg 194,201,217,230,2 183,235,219,253,1 165,149,245,267,0
2020-12-14_11-18-27-64tommy3_png.rf.d9e1d9d6041dd3c89f524ceb4481923b.jpg 203,238,223,259,2 198,263,229,281,1 170,203,258,306,0
2020-12-16_13-11-38-4tomo_png.rf.dc04ca5602855b961a948f99fe70dfcb.jpg 164,140,181,151,2 162,155,191,169,1 137,126,224,214,0
2020-12-16_12-47-04-56takahashi_png.rf.dc1ef93c6d27896f95540fd9c09eea55.jpg 200,162,234,203,2 192,219,237,241,1 153,72,275,264,0
2020-12-16_13-14-58-28avavavvavavavava_png.rf.ddaec0a02d342e01fd6d0f0dfcaa0f25.jpg 193,106,212,120,2 187,122,212,138,1 147,83,229,176,0
2020-12-16_12-44-08-100takahashi_png.rf.dbdcd410c331b0c50506f4773de20d8c.jpg 198,210,222,239,2 190,246,220,258,1 169,147,252,279,0
2020-12-14_11-15-57-24mariko3_png.rf.de01fe1109fd838ed82d8a4689fb3ab1.jpg 148,203,161,221,2 153,221,175,238,1 145,158,228,250,0
2020-12-14_11-20-21-28nanri3_png.rf.dbea738947a829d3f5596136341bce1d.jpg 226,185,246,205,2 214,210,247,228,1 195,156,270,253,0
2020-12-16_13-14-59-76avavavvavavavava_png.rf.dbe3cc006eedbe789cf963ab219b73ff.jpg 115,116,130,131,2 119,131,147,153,1 93,90,179,180,0
2020-12-14_11-10-25-124mariko2_png.rf.de6d34600bab4b2835e7cb0909e468dd.jpg 167,224,191,253,2 177,251,199,269,1 136,178,220,284,0
2020-12-14_11-15-58-60mariko3_png.rf.db8ca9505e5053ed157392e373fbb9ea.jpg 141,203,157,226,2 151,219,173,239,1 132,172,224,256,0
2020-12-16_13-15-45-72avavavvava_png.rf.dccaf64b63ad269f790236f4de21d4d0.jpg 99,129,115,150,2 106,144,130,170,1 88,96,163,185,0
2020-12-16_12-50-50-124takahashi_png.rf.da70986b59b3728098db59c17fd95260.jpg 194,174,227,208,2 185,216,223,237,1 157,89,259,261,0
2020-12-16_13-18-54-4sihekia_png.rf.e1234ec7a6535da788c17e263e7e230f.jpg 128,110,148,129,2 125,133,154,147,1 101,87,185,183,0
2020-12-16_13-09-49-40sige_png.rf.e09b1ded649c398ef53e756d002cf813.jpg 308,218,342,262,2 301,266,342,297,1 225,105,357,321,0
2020-12-16_13-11-43-104tomo_png.rf.e18642d4bca3ccf719399a223c48a0df.jpg 167,143,188,157,2 165,163,194,179,1 136,117,227,209,0
2020-12-14_11-18-26-8tommy3_png.rf.e00b598c8151b75a4d8be1a4b18d5742.jpg 138,242,154,264,2 142,267,171,284,1 127,207,215,307,0
2020-12-16_13-17-42-20sihekia_png.rf.e1e61a3f18bf8efc60f252b2dd78cb09.jpg 129,99,152,118,2 128,122,157,134,1 107,62,195,170,0
2020-12-14_11-09-22-100mariko1_png.rf.dec5fb05a37a9e1945be1cc5d80aca3d.jpg 194,217,215,241,2 184,244,223,265,1 164,156,245,276,0
2020-12-16_13-14-59-64avavavvavavavava_png.rf.e23a55da8a4b6de4afea59a8eceb87ef.jpg 140,107,156,127,2 142,128,171,147,1 111,82,197,173,0
2020-12-16_13-05-49-64tomo2_png.rf.e2893b6bd32e0c8e57c17164c69a721a.jpg 159,201,181,226,2 156,232,189,251,1 144,151,218,273,0
2020-12-14_11-10-23-44mariko2_png.rf.e14d1e1ade1cb62505eb416365cd2406.jpg 183,226,205,248,2 178,255,207,270,1 155,172,232,283,0
2020-12-16_13-05-48-32tomo2_png.rf.e2a92fec61da0d946a4ba69b52599cc8.jpg 177,196,202,220,2 174,226,205,245,1 150,145,235,267,0
2020-12-14_11-13-54-100nanri2_png.rf.dc987f5ac3a8d8dfceb192e2230de028.jpg 183,203,199,216,2 180,222,201,239,1 170,180,229,255,0
2020-12-16_13-07-07-84tomo2_png.rf.d7690e640df0ca973662e57da3ee5694.jpg 210,222,224,240,2 201,243,223,258,1 169,169,235,273,0
2020-12-14_11-16-47-72mariko4_png.rf.e183c9517730da8037f29da2c68d9d7d.jpg 194,180,214,198,2 189,202,224,221,1 170,154,252,251,0
2020-12-16_13-18-56-92sihekia_png.rf.e37ed56d47807e3b12e4cc6ef0216bf9.jpg 129,107,147,122,2 129,123,154,138,1 105,89,184,178,0
2020-12-14_11-16-49-112mariko4_png.rf.e2b48a5be636d8b637ad7077aa4a3fd5.jpg 206,182,231,198,2 199,203,232,218,1 174,153,261,255,0
2020-12-14_11-13-53-64nanri2_png.rf.e2c700949b7d4d75449e730c0dd972cc.jpg 196,203,213,223,2 192,228,215,251,1 171,171,237,259,0
2020-12-14_11-12-55-88nanri1_png.rf.e3e88a293659564a00b85b7ffcad6ed8.jpg 199,185,218,205,2 191,208,228,227,1 176,153,243,251,0
2020-12-14_11-20-22-68nanri3_png.rf.e519bc3ac95d7a1392ad8816c3333b38.jpg 220,182,242,201,2 212,203,244,221,1 184,155,272,253,0
2020-12-16_13-18-54-48sihekia_png.rf.daf7caa7866780032f9eec44fd88a52d.jpg 126,109,147,127,2 127,132,148,146,1 100,85,190,183,0
2020-12-16_13-09-12-24sige_png.rf.dea703a36e6b5b3c0c7ca433b0bf6c41.jpg 191,204,208,223,2 188,227,209,242,1 163,162,236,265,0
2020-12-14_11-07-31-120ishikawa_png.rf.e0510fbf1944fb5e6512d0b138b35c1a.jpg 235,209,256,234,2 230,237,258,248,1 207,174,292,277,0
2020-12-16_13-11-38-12tomo_png.rf.e41bd3999e6938591d86d920193e1209.jpg 208,148,228,173,2 202,176,229,191,1 160,105,239,217,0
2020-12-16_13-09-50-108sige_png.rf.e60a4c635bc3122872e6fe0f9f228043.jpg 252,211,272,237,2 249,244,271,260,1 202,149,288,282,0
2020-12-14_11-09-22-60mariko1_png.rf.e34bcf5810fc02c81603d7e56ebed6ed.jpg 191,212,213,237,2 185,243,215,257,1 163,157,244,273,0
2020-12-14_11-10-24-116mariko2_png.rf.e2e0212076ac304309c36c3625ac3545.jpg 181,215,202,243,2 179,247,210,262,1 151,171,228,278,0
2020-12-16_12-44-08-116takahashi_png.rf.e6642f224c3c5bdcee3f9ccda1d1363b.jpg 197,208,223,235,2 192,245,226,260,1 163,143,248,279,0
2020-12-14_11-12-56-116nanri1_png.rf.e787567723751bb6d3c7ee0e592b3270.jpg 200,188,220,208,2 192,212,224,229,1 176,156,243,242,0
2020-12-16_13-18-56-100sihekia_png.rf.e74371fcc06e81258f8bb23b62dbbd1d.jpg 125,108,146,124,2 127,126,154,144,1 99,88,188,176,0
2020-12-14_11-16-00-116mariko3_png.rf.e86b6df541476c4b773629c2af04c495.jpg 212,173,234,192,2 207,195,237,208,1 182,151,262,243,0
2020-12-16_13-12-41-116tomo2_png.rf.eb82d626ef278d750da74094e482d7a5.jpg 208,108,229,133,2 198,137,228,157,1 173,55,254,181,0
2020-12-16_13-15-46-88avavavvava_png.rf.e8d4086e1cf8dab7f6a5acdca1c4b29e.jpg 103,127,116,146,2 109,145,129,163,1 87,92,169,191,0
2020-12-16_13-17-45-116sihekia_png.rf.e67e9dfda1d6a47f08dfa70be34fe5b4.jpg 124,104,144,117,2 123,117,150,133,1 105,91,186,177,0
2020-12-16_12-44-07-52takahashi_png.rf.eb32161faf197c2ac1b41e5f98547950.jpg 158,192,175,211,2 157,216,182,229,1 147,156,236,268,0
2020-12-16_12-44-07-56takahashi_png.rf.e7eb8caab3b33636fe1dd1404aa007c4.jpg 164,234,187,262,2 170,266,197,279,1 141,148,228,291,0
2020-12-14_11-09-20-0mariko1_png.rf.e86e0e02cfd3e8ec104a6620926b764a.jpg 158,193,175,209,2 161,212,184,229,1 139,174,221,254,0
2020-12-16_13-04-53-100tomo_png.rf.eb129c57a5d9a29583faaa55e54ee0be.jpg 192,189,213,219,2 185,226,214,246,1 159,148,246,267,0
2020-12-16_13-17-45-100sihekia_png.rf.ebbd266896f652f8bceb44f748bae52c.jpg 116,106,131,120,2 115,120,139,133,1 97,87,178,174,0
2020-12-16_13-04-53-80tomo_png.rf.ec15ed2ff984e0f7afca428d9d7b0194.jpg 184,212,207,237,2 178,244,209,260,1 149,145,232,276,0
2020-12-16_13-17-45-84sihekia_png.rf.e901a82929a085a15774adcd1e3c8d43.jpg 128,103,145,116,2 127,119,154,131,1 100,92,185,180,0
2020-12-16_12-50-48-40takahashi_png.rf.eca14e47bc899200e25ff5b78fd6f1a5.jpg 184,158,219,197,2 172,214,222,237,1 134,75,261,271,0
2020-12-16_13-05-50-108tomo2_png.rf.ed2f9e95077501fc237614f4c0425657.jpg 190,197,213,220,2 182,230,218,246,1 156,137,245,275,0
2020-12-16_13-04-52-36tomo_png.rf.ebdd332e777dc75ff7da9304972a35fb.jpg 175,191,197,217,2 171,224,202,247,1 155,152,239,277,0
2020-12-14_11-19-13-68tommy4_png.rf.ede5ff4d1a19919d1db3b4636656da8c.jpg 178,228,198,251,2 181,250,209,266,1 144,202,229,294,0
2020-12-16_13-04-51-20tomo_png.rf.eaa9b1e280b230ad56598a91730a6594.jpg 196,197,219,221,2 190,228,220,252,1 161,153,242,279,0
2020-12-16_12-44-07-20takahashi_png.rf.ecdee97fd34072f6b8315261dca34752.jpg 199,195,224,225,2 193,233,226,245,1 159,146,255,278,0
2020-12-14_11-07-30-72ishikawa_png.rf.ed520f6111ac659448b5b397dcb0cc69.jpg 183,233,202,256,2 190,252,214,268,1 146,176,239,282,0
2020-12-14_11-16-46-44mariko4_png.rf.efdb250caf39eb7b8ecdc2272f4a2e7e.jpg 138,203,156,228,2 151,220,170,236,1 137,179,222,258,0
2020-12-14_11-10-23-28mariko2_png.rf.ed7513571d695c245af39f31a9706098.jpg 196,214,217,238,2 191,241,220,256,1 162,170,240,274,0
2020-12-14_11-12-01-88tommy2_png.rf.f01baba4d2121edf5953906e5a58582a.jpg 181,209,205,232,2 174,240,210,253,1 150,158,233,272,0
2020-12-14_11-13-54-88nanri2_png.rf.f08ef0012c8f0e168b105989df3b2be0.jpg 209,213,223,228,2 203,235,224,251,1 188,181,246,262,0
2020-12-14_11-16-46-8mariko4_png.rf.ed9ce2a0b34cde0910e6b730880d82fd.jpg 212,178,232,193,2 204,199,238,216,1 180,154,262,251,0
2020-12-16_13-12-38-60tomo2_png.rf.e3a0c9e7b2c0221c48dafaf590193e76.jpg 215,99,236,117,2 206,115,236,134,1 180,95,257,164,0
2020-12-14_11-10-24-64mariko2_png.rf.edf26cd34de604639462ec7fa81b9c28.jpg 190,223,208,246,2 183,252,211,265,1 158,169,232,279,0
2020-12-14_11-20-22-60nanri3_png.rf.ede9caeb0b446c2c397d3ec1c79e05f9.jpg 223,181,245,205,2 213,207,247,228,1 187,157,270,252,0
2020-12-16_13-05-50-92tomo2_png.rf.02847bff184d0f635f8b6051443175f4.jpg 205,219,229,246,2 194,249,230,269,1 167,152,256,291,0
2020-12-16_13-15-44-8avavavvava_png.rf.08f62e70f8985905e500e5c110d904b2.jpg 151,105,171,122,2 146,127,178,142,1 119,80,201,185,0
2020-12-16_12-50-48-56takahashi_png.rf.0527cc9d8c0e8ecf8079081e450ee9d6.jpg 158,164,199,202,2 148,220,196,239,1 132,69,259,270,0
2020-12-16_13-15-44-24avavavvava_png.rf.079daf2a82314988abe6846fc39f18ff.jpg 156,107,173,122,2 152,125,179,141,1 126,83,205,182,0
2020-12-16_13-09-12-44sige_png.rf.0896ca16dd325bbd4c8f58f95e18fc06.jpg 198,203,218,225,2 192,233,220,248,1 166,146,246,273,0
2020-12-16_13-11-43-100tomo_png.rf.045e84514ac6c9fcb77efc6b86279917.jpg 168,152,190,177,2 167,183,195,199,1 136,86,227,220,0
2020-12-16_13-09-50-68sige_png.rf.022b0b191cfa5243a6e420181a5968a5.jpg 220,196,244,223,2 215,229,247,248,1 183,112,284,275,0
2020-12-16_13-09-14-100sige_png.rf.03307e76dd0d2f1b97a6e7af2a3fae50.jpg 192,203,217,230,2 183,232,220,255,1 158,127,259,278,0
2020-12-16_12-47-05-120takahashi_png.rf.07fb485c8ce2bf0bd60b7d06111354be.jpg 131,159,158,189,2 124,202,162,220,1 94,87,207,250,0
2020-12-16_13-04-51-32tomo_png.rf.015be1b465ff080b360d33548c378345.jpg 206,190,228,213,2 200,220,227,248,1 166,152,242,275,0
2020-12-16_13-09-48-12sige_png.rf.05db0e22f094943e386a6cb4b7502baf.jpg 240,220,265,252,2 236,255,268,275,1 191,136,300,301,0
2020-12-16_13-12-37-36tomo2_png.rf.07bcaf8dbcfee76785edc17a01c1939b.jpg 204,111,223,125,2 194,127,225,146,1 168,96,249,174,0
2020-12-14_11-20-23-108nanri3_png.rf.006178a6ede41d5b0b4cbd5b0dcb3882.jpg 192,177,211,196,2 190,201,218,217,1 167,161,251,251,0
2020-12-16_13-15-46-104avavavvava_png.rf.0c17cc674b478c7ec9f393de665ffa0f.jpg 172,105,190,121,2 168,121,192,142,1 136,80,215,176,0
2020-12-14_11-19-11-0tommy4_png.rf.06ff7eb7baf5afe21133cf3bcfdd4158.jpg 195,230,219,250,2 192,254,225,270,1 152,200,241,289,0
2020-12-14_11-15-59-100mariko3_png.rf.066967c4048581ba18bb13c06aba8367.jpg 207,179,230,196,2 205,202,234,215,1 177,150,261,248,0
2020-12-16_12-47-04-104takahashi_png.rf.023c759058bb2eb9647ca75892278f61.jpg 308,189,332,226,2 296,236,321,255,1 223,94,344,284,0
2020-12-14_11-19-12-20tommy4_png.rf.054e3b8f5f60b7a6946a785a96ec2b82.jpg 136,243,155,266,2 140,269,164,285,1 117,205,209,307,0
2020-12-14_11-21-10-96nanri4_png.rf.002c809f53034b107819da9a9d3bccfa.jpg 241,197,261,221,2 233,224,261,246,1 196,161,271,261,0
2020-12-14_11-20-24-112nanri3_png.rf.06553eb8e5892692eb7669404d413544.jpg 191,180,213,200,2 190,203,220,220,1 166,154,251,254,0
2020-12-14_11-16-46-20mariko4_png.rf.0628054e60453c25005c81f7bedf95a5.jpg 204,177,225,190,2 199,196,232,212,1 175,159,260,245,0
2020-12-14_11-11-18-24tommy1_png.rf.0c87343b74307406281d128376997e2c.jpg 173,188,198,208,2 165,216,202,232,1 152,169,228,266,0
2020-12-14_11-19-13-60tommy4_png.rf.05c2f85d632605e469362660d946c567.jpg 182,232,204,253,2 186,258,213,274,1 145,201,233,291,0
2020-12-14_11-09-20-16mariko1_png.rf.0d1ba5376aad23dfce2ddca7134a44ec.jpg 234,205,255,230,2 218,227,241,249,1 193,172,287,270,0
2020-12-16_12-50-48-48takahashi_png.rf.0a6bb4b2c636cd3684cec8a592cf9342.jpg 184,156,222,195,2 170,214,222,241,1 140,72,262,274,0
2020-12-16_13-04-51-8tomo_png.rf.0bc8f42b4acf99edd19b59a417d26728.jpg 197,203,217,232,2 188,238,220,250,1 162,148,244,273,0
2020-12-14_11-15-59-88mariko3_png.rf.06c8b0e80eed0546315c62ad0bc083d8.jpg 166,191,185,208,2 172,207,194,223,1 153,157,243,245,0
2020-12-16_13-15-43-0avavavvava_png.rf.0c088d12965f277c41351727241eec53.jpg 152,108,169,124,2 148,126,175,143,1 119,85,203,178,0
2020-12-16_13-17-43-48sihekia_png.rf.09a91961563cecfac9df8bac5226dcaf.jpg 109,111,127,124,2 110,127,136,141,1 90,92,171,170,0
2020-12-16_13-12-37-28tomo2_png.rf.0c58001d7969cd3d845df63ca718a239.jpg 196,112,219,124,2 187,127,219,143,1 161,95,245,183,0
2020-12-14_11-16-49-116mariko4_png.rf.0c256123884bd60eb02f9c578862d26b.jpg 217,182,240,199,2 212,207,242,220,1 186,150,267,250,0
2020-12-14_11-19-14-100tommy4_png.rf.0b05671998ad9d2373c637fb208e4c23.jpg 162,231,182,254,2 167,257,191,270,1 132,201,224,294,0
2020-12-14_11-16-00-124mariko3_png.rf.0e4597e625f69033964041f2b75eb88d.jpg 210,177,231,194,2 211,197,238,213,1 182,149,264,246,0
2020-12-14_11-12-01-64tommy2_png.rf.0e05013df6959c06d70841c76d298d2a.jpg 181,204,202,228,2 173,233,205,252,1 148,160,228,266,0
2020-12-14_11-12-01-72tommy2_png.rf.0ee09175c74f8d7c654eb789411a7e5a.jpg 159,197,179,212,2 156,216,179,231,1 144,179,223,258,0
2020-12-16_12-47-02-32takahashi_png.rf.0e9d400c267d1df2437de27f779fd05a.jpg 109,200,145,251,2 118,262,152,284,1 108,61,247,296,0
2020-12-14_11-19-12-12tommy4_png.rf.0dbd66b087252256fb652099f7c5bc75.jpg 177,230,199,250,2 176,255,205,269,1 142,197,229,294,0
2020-12-14_11-19-15-124tommy4_png.rf.126f42233bdd66792a04861fda85c37e.jpg 163,231,188,253,2 168,255,196,271,1 136,204,222,294,0
2020-12-16_13-09-48-8sige_png.rf.0dc66c4a594ac9662ed209befe7fa148.jpg 218,217,243,248,2 212,250,246,271,1 178,145,274,293,0
2020-12-16_13-11-41-52tomo_png.rf.11695de917f8535eb28c4d32fd6d33a6.jpg 231,149,247,169,2 222,171,248,187,1 174,117,256,210,0
2020-12-14_11-15-57-16mariko3_png.rf.0eff0f745971a6d569fc23c06a3f1f6d.jpg 212,179,232,194,2 204,196,234,212,1 182,151,265,245,0
2020-12-16_13-18-56-120sihekia_png.rf.0c987bd7d84608fbc3c75572f1ca7bd8.jpg 130,107,149,122,2 131,128,157,143,1 106,92,189,178,0
2020-12-16_13-09-12-28sige_png.rf.12fb39f9d35aa3a536df92bce9e1b6d1.jpg 191,203,208,221,2 188,226,211,240,1 159,165,237,266,0
2020-12-16_13-15-46-116avavavvava_png.rf.0deafab27f4148c0d3bfbc167b34e7e5.jpg 170,104,189,121,2 167,123,190,138,1 133,80,212,177,0
2020-12-16_13-17-43-32sihekia_png.rf.0e33473b017db558e172fe098ba9bcb4.jpg 120,100,139,118,2 122,119,148,133,1 102,73,182,169,0
2020-12-16_13-09-49-48sige_png.rf.0f98ef27539528fc156ebaee9064997f.jpg 230,212,250,239,2 223,242,252,266,1 193,157,275,282,0
2020-12-16_13-11-40-48tomo_png.rf.102a12ca7d45310a141aed9a87285487.jpg 226,152,246,169,2 218,170,245,187,1 174,115,255,212,0
2020-12-16_12-44-06-8takahashi_png.rf.0f5bb6ff1e4aca35b22f0248af304a80.jpg 198,213,218,240,2 191,248,220,265,1 165,147,251,286,0
2020-12-14_11-21-08-4nanri4_png.rf.0f8ca9451c166a24fe91f9b58146cbe8.jpg 253,191,273,216,2 244,215,269,238,1 201,162,281,255,0
2020-12-16_13-08-04-100afafgaget_png.rf.15d8b919a1bb17d2cb1ad683f451847d.jpg 209,225,226,246,2 201,250,224,266,1 166,175,240,278,0
2020-12-14_11-09-20-12mariko1_png.rf.1505acddb00eab95f874b2564b1e68b5.jpg 204,247,229,273,2 191,268,216,286,1 174,169,272,287,0
2020-12-16_12-50-50-116takahashi_png.rf.1502e0816c59badfb674b92bf5dad6af.jpg 189,172,222,205,2 180,217,225,240,1 153,87,259,261,0
2020-12-16_13-07-06-60tomo2_png.rf.1503b03d4c89534db7146778177196c0.jpg 183,223,202,240,2 180,245,203,257,1 166,173,228,270,0
2020-12-14_11-09-20-4mariko1_png.rf.138e1aa0a4866a1eb543766c5eb92a22.jpg 143,226,164,256,2 157,257,180,273,1 114,170,207,282,0
2020-12-16_12-50-48-60takahashi_png.rf.16600cfe87785df28f5fd7db8d9a6349.jpg 155,141,189,173,2 144,191,191,212,1 129,79,252,250,0
2020-12-14_11-20-24-116nanri3_png.rf.12d66a3992a587359f0d2d09f426531d.jpg 194,179,215,200,2 191,202,222,219,1 168,157,256,254,0
2020-12-16_13-12-40-84tomo2_png.rf.183a1651e591ebc23cbd15317b320898.jpg 212,104,234,123,2 203,122,231,142,1 174,71,262,177,0
2020-12-14_11-12-56-112nanri1_png.rf.12b492e6f3ccfd02823f0ffb1f5bc2f1.jpg 200,187,219,206,2 191,214,230,229,1 177,152,245,242,0
2020-12-16_13-04-51-12tomo_png.rf.17e4fa71009567a621584b5883131215.jpg 166,206,188,231,2 165,238,194,255,1 154,146,230,279,0
2020-12-14_11-20-21-16nanri3_png.rf.1a649cde60e419106ba606623c20b74c.jpg 218,174,237,190,2 208,192,242,208,1 183,153,261,249,0
2020-12-16_12-50-50-128takahashi_png.rf.16bbe633a691a515bc5d010ecca8c1db.jpg 191,172,224,208,2 185,219,222,237,1 158,90,260,263,0
2020-12-16_13-15-46-120avavavvava_png.rf.18759fdd7867d44cf8f267c5aa92137c.jpg 179,104,195,120,2 176,120,199,139,1 137,79,219,172,0
2020-12-14_11-10-24-100mariko2_png.rf.16636ac4385181ef1eb9617ef2aae05c.jpg 188,223,209,248,2 183,254,212,267,1 158,168,234,281,0
2020-12-16_12-47-02-24takahashi_png.rf.166eee0b292c8ce852f34f2e78d6888c.jpg 176,154,212,194,2 169,215,212,235,1 138,71,267,268,0
2020-12-14_11-16-49-120mariko4_png.rf.18ca1eb1d19d0e4c134efa554beb6ed6.jpg 217,187,241,206,2 209,211,241,228,1 183,152,266,249,0
2020-12-14_11-18-27-56tommy3_png.rf.185269f8f072892d888990ca593ad643.jpg 223,241,244,261,2 216,269,246,285,1 181,205,265,307,0
2020-12-14_11-07-33-128ishikawa_png.rf.1942a6d7e3a8b795ceea785c7ac98115.jpg 168,216,185,242,2 168,247,192,260,1 140,177,227,278,0
2020-12-14_11-07-28-4ishikawa_png.rf.1b02dfb6da905bfe4d422cc7dca75a8c.jpg 238,224,269,237,1 244,195,265,220,2 201,136,295,258,0
2020-12-16_12-50-48-8takahashi_png.rf.1b5b382eac4602fffb87fd998eb6895c.jpg 180,174,217,218,2 170,237,220,259,1 134,72,260,285,0
2020-12-16_13-12-40-88tomo2_png.rf.18efbba562d097e41760dc1e40e5f65a.jpg 212,116,232,141,2 202,148,230,167,1 174,57,265,188,0
2020-12-14_11-09-21-36mariko1_png.rf.1c1139235f98d97174b814177198122e.jpg 196,194,216,218,2 193,223,219,238,1 166,161,247,255,0
2020-12-14_11-11-18-28tommy1_png.rf.191f9d38db7e8d748142784cde470f75.jpg 167,211,192,239,2 164,246,195,261,1 138,153,229,282,0
2020-12-14_11-20-21-12nanri3_png.rf.1c85cb9617b79620a0bf7de184d5acfc.jpg 211,173,230,190,2 206,191,237,210,1 182,156,257,249,0
2020-12-16_13-18-54-20sihekia_png.rf.1aa930f0bd99edc614b8791552b3a69e.jpg 128,110,144,127,2 129,131,152,143,1 102,88,190,175,0
2020-12-14_11-07-30-92ishikawa_png.rf.1c97f32ad7f401757ef58c5541c08984.jpg 225,245,246,268,2 227,266,254,283,1 176,169,268,293,0
2020-12-16_13-05-49-44tomo2_png.rf.1c8c9de0e950ad3c8ad6c26da53abc85.jpg 184,191,204,212,2 176,218,209,235,1 152,149,240,263,0
2020-12-16_13-17-46-124sihekia_png.rf.19a0d2c79e31c05a92acfa29c9afa37e.jpg 123,104,141,119,2 123,117,148,130,1 102,91,185,183,0
2020-12-16_13-05-50-100tomo2_png.rf.1b2ffa2fb2a9e8fc2e964870a404d58c.jpg 192,205,221,240,2 184,246,218,267,1 156,132,249,291,0
2020-12-14_11-10-24-48mariko2_png.rf.1fb4628c73a6698adc53f96a58713e57.jpg 186,225,205,249,2 179,255,208,269,1 156,172,232,283,0
2020-12-14_11-10-24-108mariko2_png.rf.22807f92318586001a4e8776b98d115b.jpg 212,230,237,255,2 198,250,220,271,1 181,185,265,288,0
2020-12-16_13-15-45-52avavavvava_png.rf.1148c8083a2f7d55d6bad9134ebf13b2.jpg 113,117,131,135,2 116,132,142,156,1 95,88,179,185,0
2020-12-14_11-12-00-8tommy2_png.rf.1d5ba48202db9534fb86e9aa07ba5e55.jpg 179,204,207,227,2 176,230,210,241,1 153,159,232,266,0
2020-12-14_11-13-52-8nanri2_png.rf.201cd3a5e90b29875d21ff6838e7217b.jpg 191,200,208,220,2 185,224,210,235,1 171,161,231,253,0
2020-12-16_13-09-50-100sige_png.rf.24776a62bdbf728df0f57fecb61e2369.jpg 199,197,219,216,2 196,223,223,240,1 178,144,264,267,0
2020-12-16_13-09-14-64sige_png.rf.1ee72d0637aaa3c7158c6f5629d9ae9f.jpg 281,213,302,247,2 271,252,297,277,1 226,127,340,297,0
2020-12-16_12-47-03-48takahashi_png.rf.207f6d45de73649e214807a83f4c20f7.jpg 212,161,247,202,2 202,212,249,234,1 163,77,278,266,0
2020-12-14_11-10-24-80mariko2_png.rf.2199a0c602bcde356da58cf0a60dfadf.jpg 189,222,207,245,2 185,250,209,266,1 159,171,234,278,0
2020-12-16_13-18-54-52sihekia_png.rf.245726de38dc8f17915d4fb86b5a3e82.jpg 126,108,145,128,2 127,131,152,144,1 102,86,190,183,0
2020-12-16_13-11-41-64tomo_png.rf.1cf72213bf99c19d633ad6ca91dedfd4.jpg 200,147,221,166,2 197,169,224,184,1 149,109,233,211,0
2020-12-16_13-04-53-92tomo_png.rf.247367aca73d23c6a8da28cacbb8f360.jpg 190,201,211,224,2 182,231,212,254,1 155,146,239,272,0
2020-12-16_13-12-37-20tomo2_png.rf.24b6474bc9b5a9b81e5c8aee2773da38.jpg 179,112,198,126,2 174,129,206,148,1 149,94,232,186,0
2020-12-16_13-14-59-44avavavvavavavava_png.rf.20d462df385bcf7731b20fa28e318fd9.jpg 124,104,140,120,2 125,119,151,136,1 105,87,190,175,0
2020-12-14_11-11-19-72tommy1_png.rf.1a850ba64304501a3f9ddd36bd8f5c83.jpg 181,203,206,232,2 175,238,208,254,1 150,155,234,274,0
2020-12-14_11-16-46-16mariko4_png.rf.2496e492ce61e8f80f10646de0d48d27.jpg 196,176,216,191,2 195,195,228,211,1 173,153,255,245,0
2020-12-16_12-44-07-44takahashi_png.rf.224b236b1aa1b0f97ea44240b234afa6.jpg 193,199,214,225,2 185,233,214,246,1 161,145,254,277,0
2020-12-16_13-12-41-120tomo2_png.rf.1fd656472b97a747c3b023a3463b1e6e.jpg 218,107,239,121,2 208,121,237,143,1 180,94,259,175,0
2020-12-16_13-15-43-4avavavvava_png.rf.24af56fbf27d666a31bb7291e1272dd4.jpg 152,108,170,124,2 145,125,175,144,1 119,82,203,183,0
2020-12-14_11-13-51-0nanri2_png.rf.1e3cfa059c52ef36cebc4a04e11e68d0.jpg 189,201,206,221,2 184,225,208,239,1 174,172,230,247,0
2020-12-16_13-08-02-52afafgaget_png.rf.25502c00e2dc32310c84427996e23f8a.jpg 155,211,167,227,2 153,230,168,249,1 146,187,205,271,0
2020-12-16_13-14-58-16avavavvavavavava_png.rf.2332ff5bd28bf83010bd216fc1f38292.jpg 150,102,166,119,2 148,120,173,136,1 116,80,203,169,0
2020-12-16_12-47-04-52takahashi_png.rf.273f2648859408ea2d924d58614429be.jpg 202,165,238,208,2 195,222,238,242,1 154,75,279,271,0
2020-12-14_11-10-24-60mariko2_png.rf.247942b7a831cb6dd113370600456a17.jpg 187,216,206,238,2 182,243,211,258,1 158,168,232,276,0
2020-12-14_11-12-00-0tommy2_png.rf.260da5525190245f2d37a4f0ca5b1512.jpg 182,204,206,230,2 178,235,207,248,1 155,159,235,269,0
2020-12-14_11-19-11-8tommy4_png.rf.258613f2dd97b089404b59c5d40bc7df.jpg 177,229,198,249,2 177,255,204,271,1 143,198,230,294,0
2020-12-14_11-11-21-124tommy1_png.rf.2657cb8350268038fcc3d470576b168e.jpg 193,194,216,216,2 185,223,219,239,1 164,163,243,263,0
2020-12-16_12-44-07-28takahashi_png.rf.2359a3122a6a6ffc76dd648f3f7c775e.jpg 200,197,223,225,2 192,234,225,247,1 159,145,252,277,0
2020-12-16_13-05-51-124tomo2_png.rf.27920b809b1ff5ebe67ebace74d72259.jpg 191,215,217,241,2 183,246,220,262,1 159,142,249,286,0
2020-12-14_11-20-24-120nanri3_png.rf.27a36b61dba0019a61d000271f80744d.jpg 194,179,217,196,2 194,199,224,217,1 169,158,252,254,0
2020-12-14_11-19-13-44tommy4_png.rf.2676201ef24fbacadc258db7d4a52825.jpg 183,227,205,249,2 186,253,211,272,1 145,201,235,289,0
2020-12-14_11-19-13-28tommy4_png.rf.266e251b3fd35d870dc86408f167c35b.jpg 149,235,167,259,2 150,261,177,277,1 122,202,218,300,0
2020-12-16_12-44-07-60takahashi_png.rf.28760ccaf59a39ec6117b6a7cf7da3c1.jpg 208,252,233,283,2 204,285,232,297,1 166,146,258,310,0
2020-12-14_11-09-22-76mariko1_png.rf.2647fc375bcb8ce601d0b66eef69d280.jpg 194,208,219,235,2 189,239,219,254,1 166,156,245,269,0
2020-12-16_13-14-58-4avavavvavavavava_png.rf.24a3bf2b5402851ef3e348fee4c02c18.jpg 147,104,164,120,2 145,123,172,137,1 117,78,201,172,0
2020-12-14_11-21-10-100nanri4_png.rf.2a458ed79a20f07f93a8a1429ed61813.jpg 211,178,233,198,2 205,202,239,219,1 176,156,256,251,0
2020-12-16_13-14-59-60avavavvavavavava_png.rf.2a85a8b83ac2ead5083b785c91e299e0.jpg 138,111,154,131,2 142,132,170,150,1 111,81,193,176,0
2020-12-14_11-15-59-72mariko3_png.rf.2bac2ca4f4f33b2dbcf0b8d92570437f.jpg 265,194,285,215,2 248,213,274,233,1 216,157,296,258,0
2020-12-16_13-17-43-64sihekia_png.rf.2d4335b93db238a9e2454a01d539f13c.jpg 116,104,135,120,2 119,121,144,135,1 96,93,179,168,0
2020-12-16_13-11-43-124tomo_png.rf.2d51b0120f9819d689e4babeace297e9.jpg 168,152,190,178,2 163,187,195,205,1 145,85,240,233,0
2020-12-14_11-21-08-20nanri4_png.rf.295e5e1bcfa3f399c17ec446884a9501.jpg 193,185,216,201,2 189,209,221,228,1 165,160,248,260,0
2020-12-16_13-17-45-104sihekia_png.rf.2ad4a5910cb9cc7b6cc2e341ccf8e785.jpg 113,110,133,126,2 115,126,141,141,1 92,86,181,178,0
2020-12-16_13-15-45-76avavavvava_png.rf.2b19db83163e18d641b5c93e3fea3d0c.jpg 99,129,117,149,2 104,145,133,170,1 84,98,164,188,0
2020-12-14_11-12-01-84tommy2_png.rf.29c5b3ca57f174fc3512a45022389f76.jpg 180,209,205,233,2 174,239,208,254,1 149,160,233,270,0
2020-12-16_12-47-04-80takahashi_png.rf.2f98ef5de9bf49ca71e79650ca395505.jpg 191,156,221,189,2 182,201,223,218,1 160,83,272,249,0
2020-12-14_11-21-10-104nanri4_png.rf.2f251b13219b0ab376c85a71e4633b00.jpg 168,184,193,202,2 167,204,200,225,1 150,158,233,250,0
2020-12-14_11-07-29-56ishikawa_png.rf.2a17c309be19b51ffd9b4fc02cd668cd.jpg 221,209,240,231,2 215,236,240,249,1 186,165,264,267,0
2020-12-16_13-14-59-56avavavvavavavava_png.rf.2c23efd163126a85b3f293ad6254a270.jpg 127,120,143,140,2 131,137,157,159,1 98,81,183,182,0
2020-12-14_11-10-24-88mariko2_png.rf.2c116ce0f2ade58774606a39ef18eac5.jpg 191,225,209,249,2 185,254,212,268,1 162,169,236,284,0
2020-12-14_11-21-10-92nanri4_png.rf.2c61c8e4414857e4871c9ce0f438307a.jpg 194,201,215,225,2 193,231,221,247,1 166,168,247,267,0
2020-12-14_11-13-52-60nanri2_png.rf.28014a9b513aa8fd43c1424011aa71a2.jpg 222,209,238,230,2 217,232,241,246,1 197,175,258,259,0
2020-12-16_13-15-44-16avavavvava_png.rf.2db88dcbef1418e4ddeb311096aa0ec9.jpg 151,108,168,124,2 147,128,175,141,1 117,81,204,182,0
2020-12-14_11-12-01-48tommy2_png.rf.307670bb5d578fc974d09c92decb3460.jpg 185,207,210,232,2 176,238,210,255,1 154,161,233,271,0
2020-12-16_13-17-43-28sihekia_png.rf.2f6509b481c71d3b6f7682076c453f77.jpg 129,109,148,121,2 126,124,153,133,1 109,94,190,182,0
2020-12-14_11-09-22-56mariko1_png.rf.319695b87cd3e8b0df1ad1bf50186642.jpg 192,215,216,239,2 188,247,218,260,1 163,156,248,275,0
2020-12-14_11-16-46-4mariko4_png.rf.324dd5279e2f0eb3ee5e61445025d4a9.jpg 207,178,232,194,2 203,200,237,214,1 177,152,265,251,0
2020-12-16_13-17-45-96sihekia_png.rf.29b4aa577f0a24f910122f3485020086.jpg 114,104,130,121,2 114,125,143,144,1 92,80,181,174,0
2020-12-14_11-19-15-116tommy4_png.rf.31e55bf105b1a3f5a349f4b9459da223.jpg 160,236,178,253,2 163,257,191,273,1 132,200,221,294,0
2020-12-14_11-07-28-16ishikawa_png.rf.2c6b8ba3807eec791c1f92de338694f2.jpg 238,202,256,224,2 234,225,259,236,1 195,158,276,258,0
2020-12-14_11-11-18-36tommy1_png.rf.348a25454227aee6f534f1051e627c52.jpg 171,214,197,239,2 164,247,196,262,1 146,154,234,278,0
2020-12-16_13-14-59-72avavavvavavavava_png.rf.32f0d6a179bcc139d5f22841ef564e37.jpg 121,111,137,127,2 127,129,152,148,1 99,88,184,180,0
2020-12-14_11-16-46-36mariko4_png.rf.2fb983e8089ee821b5a5127f1f18f207.jpg 135,210,150,230,2 146,223,165,244,1 130,181,219,262,0
2020-12-14_11-10-22-0mariko2_png.rf.358eb1b35e95503c1fc5a1d30e5728b9.jpg 167,202,185,219,2 170,216,195,234,1 139,177,216,272,0
2020-12-16_13-18-54-36sihekia_png.rf.358e737b155e79e962b7d6733915f03a.jpg 127,110,148,127,2 122,128,150,144,1 101,86,190,174,0
2020-12-16_13-17-46-128sihekia_png.rf.324095671284abbcce90b2e753541270.jpg 124,104,140,119,2 123,117,148,132,1 101,89,185,180,0
2020-12-16_13-04-53-124tomo_png.rf.30be940cc29f69a03e864f05b53efa6a.jpg 196,203,219,233,2 190,241,219,254,1 155,149,244,273,0
2020-12-14_11-12-52-8nanri1_png.rf.35df0ca3add4e3f6807669539fec7420.jpg 248,192,270,215,2 243,221,270,235,1 220,154,290,250,0
2020-12-16_13-11-43-120tomo_png.rf.32261084730a6bbdc1813658e59c144d.jpg 185,136,209,158,2 184,166,216,187,1 152,85,238,215,0
2020-12-14_11-18-26-24tommy3_png.rf.3503dd116512c030d5996da740666cc8.jpg 174,229,192,247,2 176,251,206,270,1 149,200,239,298,0
2020-12-16_13-15-46-80avavavvava_png.rf.370f399220d77f07ee60f89868bad221.jpg 101,128,114,149,2 108,147,127,166,1 86,91,165,193,0
2020-12-14_11-18-28-96tommy3_png.rf.39f2feea3282bcb4cd474dfc552aee3a.jpg 183,234,205,260,2 181,263,212,279,1 159,205,243,307,0
2020-12-14_11-07-28-0ishikawa_png.rf.33daa0a38c42b7447df6f45e0ba7f96d.jpg 255,221,282,253,2 248,259,283,277,1 248,259,283,277,0 202,133,319,295,0
2020-12-16_12-47-02-28takahashi_png.rf.33d2a0236eabd22696272c61d89b60ae.jpg 152,189,191,232,2 150,249,189,269,1 126,64,263,295,0
2020-12-16_13-15-46-124avavavvava_png.rf.3a311f604b4b314c0a8964cd2a28efb0.jpg 198,105,214,122,2 193,123,215,141,1 151,83,231,174,0
2020-12-16_13-15-00-80avavavvavavavava_png.rf.39427afa4112c29e03a8d618228811f5.jpg 124,111,139,128,2 126,126,153,149,1 102,86,184,178,0
2020-12-14_11-19-15-120tommy4_png.rf.3bb47122cee5f4c3b51809dce602a78c.jpg 155,235,175,254,2 158,259,187,275,1 131,201,220,296,0
2020-12-16_13-04-52-64tomo_png.rf.32eefbaf7fff0c08bd7d6ceacb2841b5.jpg 178,208,203,238,2 175,246,206,261,1 148,149,233,278,0
2020-12-16_12-47-04-60takahashi_png.rf.3a2e7605b9c3f9943cec78265fa938f5.jpg 181,167,218,207,2 170,220,217,242,1 151,75,277,275,0
2020-12-14_11-12-00-36tommy2_png.rf.3a107d01b9ebd5da070ab96bcc9176f8.jpg 218,211,240,237,2 207,241,237,259,1 168,162,257,273,0
2020-12-16_13-17-43-40sihekia_png.rf.3790bfa0857d6008d54688b7a5d1a5e9.jpg 122,106,140,123,2 124,124,147,137,1 99,92,186,175,0
2020-12-14_11-20-24-124nanri3_png.rf.3925f49474137ac639de5b03f105643d.jpg 197,180,217,196,2 193,199,225,215,1 172,156,254,256,0
2020-12-14_11-18-28-80tommy3_png.rf.3b8f5f3c67879135173b2786f19011bb.jpg 162,243,183,264,2 168,268,195,293,1 143,207,232,310,0
2020-12-14_11-12-56-104nanri1_png.rf.3b745bda41d0ffcd731d7424d1e1e2e0.jpg 200,187,221,205,2 190,212,229,227,1 175,152,245,246,0
2020-12-16_13-12-37-16tomo2_png.rf.3567a40cb5d836931927bd0528b2ce0c.jpg 182,112,205,135,2 176,139,210,164,1 149,48,245,184,0
2020-12-16_12-47-04-76takahashi_png.rf.39a3855c5480baedff8f02f4e0a49899.jpg 230,172,262,211,2 217,222,258,244,1 167,80,287,270,0
2020-12-14_11-19-14-92tommy4_png.rf.3ccae38298e3ee717c693a1ab0cea511.jpg 161,230,181,254,2 163,257,191,276,1 131,202,223,297,0
2020-12-16_13-08-04-104afafgaget_png.rf.3ff25d80ea2a99b89ab27087b5693aa1.jpg 215,215,231,232,2 210,236,227,252,1 173,177,237,275,0
2020-12-16_13-04-52-48tomo_png.rf.3da75dff1190c9bd28632cb739d8e964.jpg 195,223,223,256,2 186,260,222,276,1 158,132,250,294,0
2020-12-14_11-09-22-68mariko1_png.rf.3f56b04c6d0419e2f2b289689a9e76ed.jpg 195,215,216,238,2 189,246,220,260,1 165,157,247,277,0
2020-12-14_11-12-01-68tommy2_png.rf.37b3e7714edca1ab6fbd2dd136ee97cb.jpg 176,205,200,228,2 170,235,201,251,1 146,160,228,267,0
2020-12-16_12-44-07-32takahashi_png.rf.3cec5cb56104ac381dc3557424e38c53.jpg 200,196,223,222,2 197,231,222,246,1 165,148,252,278,0
2020-12-16_13-05-50-88tomo2_png.rf.3d8e50ae0777533e927395df21adea73.jpg 208,210,232,234,2 197,238,230,261,1 171,156,251,280,0
2020-12-16_13-17-45-120sihekia_png.rf.40651d216557112c3fb3e41692e45a31.jpg 123,105,144,118,2 122,119,147,131,1 101,87,184,182,0
2020-12-16_13-09-51-112sige_png.rf.3eff4ca23373ca36c0bbce6ccdf391b2.jpg 242,218,266,247,2 237,250,266,269,1 199,144,294,291,0
2020-12-16_13-14-59-68avavavvavavavava_png.rf.4045daa6108bddc821d8fa23f7a14e41.jpg 135,109,151,125,2 138,130,165,148,1 101,81,195,177,0
2020-12-14_11-21-09-88nanri4_png.rf.416827c176762fe2dc72f85ed8a88b82.jpg 161,208,182,233,2 168,230,195,252,1 139,174,232,267,0
2020-12-14_11-11-17-0tommy1_png.rf.43ff6d94308d6fa500ada19eedc5d4f9.jpg 212,211,237,240,2 203,244,232,260,1 161,151,254,274,0
2020-12-14_11-12-01-92tommy2_png.rf.41c81e6ac8ed1109e5701466bea9240c.jpg 180,206,205,231,2 173,238,208,256,1 152,164,232,279,0
2020-12-16_13-04-52-72tomo_png.rf.468205a7271af7e74fdbac0a28e69295.jpg 216,206,238,236,2 204,240,233,260,1 168,144,254,282,0
2020-12-16_12-50-49-96takahashi_png.rf.4636127138f32b86858dc47d4a53aa3a.jpg 237,173,273,215,2 235,228,272,249,1 157,86,287,276,0
2020-12-16_13-11-43-96tomo_png.rf.41c8bd42e8a38c8424c25275224d437a.jpg 159,170,184,196,2 153,199,192,215,1 126,83,225,235,0
2020-12-16_13-09-13-56sige_png.rf.42518fc9e559f0fda9119431356d64cb.jpg 250,202,279,237,2 239,245,278,270,1 191,108,309,292,0
2020-12-16_12-44-07-84takahashi_png.rf.40e14c027ad9164bca00106415a73bab.jpg 197,215,221,243,2 194,249,224,263,1 166,143,253,284,0
2020-12-16_12-47-03-40takahashi_png.rf.431cef39eb4ab7e34c60655e2aeb6bad.jpg 189,164,230,207,2 187,223,229,243,1 138,70,265,276,0
2020-12-14_11-09-22-88mariko1_png.rf.3d32635fe74fc091e98ebae952018589.jpg 197,198,218,224,2 190,230,219,246,1 169,156,245,267,0
2020-12-14_11-11-20-104tommy1_png.rf.44dd800a541f9168a660d78d729a941c.jpg 186,207,214,239,2 183,244,213,259,1 156,155,242,276,0
2020-12-14_11-15-59-68mariko3_png.rf.4222af2f275cef3113bb3065c761ba26.jpg 229,176,251,194,2 220,196,249,219,1 188,154,274,248,0
2020-12-16_13-05-49-60tomo2_png.rf.43936974982b68168c4fd584e1f8ea45.jpg 211,201,235,226,2 207,235,233,250,1 166,148,248,277,0
2020-12-16_13-15-46-96avavavvava_png.rf.47654df0a2290c2e5da824e4f5c68a34.jpg 150,105,167,121,2 149,124,174,140,1 119,85,203,176,0
2020-12-14_11-10-24-92mariko2_png.rf.45fcd535b2f5e449c2c3c222cd509def.jpg 190,222,210,248,2 185,254,212,268,1 163,170,235,279,0
2020-12-14_11-20-21-44nanri3_png.rf.46d295c74700833c27651be9e34876e3.jpg 239,179,259,203,2 234,201,257,223,1 197,152,280,252,0
2020-12-16_13-09-48-16sige_png.rf.3b4263c1a8474fc4fbce86c1575cec7c.jpg 247,221,273,257,2 240,262,276,282,1 194,129,305,298,0
2020-12-14_11-11-19-60tommy1_png.rf.423bb885b1a909af864b0e1f69007b81.jpg 187,209,212,237,2 182,243,216,257,1 150,150,242,276,0
2020-12-14_11-13-52-20nanri2_png.rf.4277d34ef0adff92984064a65f5a4ed9.jpg 198,200,214,222,2 192,228,216,240,1 175,163,238,253,0
2020-12-14_11-18-26-4tommy3_png.rf.45e1c284aab3f9958aef25c0a1e43523.jpg 155,236,173,259,2 155,263,182,280,1 143,208,226,302,0
2020-12-14_11-19-13-40tommy4_png.rf.4aebff5bd4e36b8a4811502c9ccd2bab.jpg 182,228,206,248,2 186,253,209,269,1 143,198,235,295,0
2020-12-16_12-47-03-44takahashi_png.rf.4be15cb831127c086145a5baec22540e.jpg 218,151,254,189,2 209,200,253,225,1 150,75,283,266,0
2020-12-16_13-14-58-0avavavvavavavava_png.rf.48dfabed8b236f90f6869f010e90507c.jpg 147,104,161,118,2 143,123,173,140,1 119,81,197,173,0
2020-12-14_11-07-30-76ishikawa_png.rf.4839d371da14b7b217584f1523b21a4e.jpg 234,237,255,263,2 225,260,254,276,1 207,169,300,289,0
2020-12-14_11-16-46-40mariko4_png.rf.49ac55568c4947c70bdf1c537b82e1d4.jpg 141,200,157,223,2 150,215,172,235,1 139,180,221,253,0
2020-12-14_11-19-13-52tommy4_png.rf.48a980c8733c56eb7463e71cab522152.jpg 182,229,205,249,2 186,253,211,268,1 143,199,235,296,0
2020-12-16_12-50-49-92takahashi_png.rf.4e07d57dfaa4e942225980211501db3e.jpg 249,173,281,213,2 241,225,276,247,1 166,88,287,274,0
2020-12-14_11-09-21-32mariko1_png.rf.4874f67d377ed415268a3b09a8a2a009.jpg 198,199,219,224,2 193,227,222,240,1 167,160,244,260,0
2020-12-14_11-18-26-32tommy3_png.rf.4de679d7834244ee4e80f7010e6e01ba.jpg 152,256,170,276,2 157,276,184,299,1 135,211,222,315,0
2020-12-16_12-50-50-108takahashi_png.rf.4720d161dce664cc22d94abc59805985.jpg 183,171,212,210,2 176,219,217,240,1 148,83,253,264,0
2020-12-14_11-09-23-104mariko1_png.rf.4f5bc1e728d743cb914e02cf03ee0871.jpg 197,222,218,245,2 187,250,225,266,1 167,156,248,269,0
2020-12-16_13-18-54-24sihekia_png.rf.4eb401f4dad6764978e44e38cadd1280.jpg 127,111,146,128,2 127,130,150,143,1 99,88,189,179,0
2020-12-14_11-18-27-68tommy3_png.rf.4d69ac86a6cafeb412b43c91be1c41d5.jpg 219,237,243,261,2 212,265,244,283,1 180,204,267,302,0
2020-12-16_12-44-09-124takahashi_png.rf.4b1b832142dcb4cf187ddf4c1e425e72.jpg 201,229,226,260,2 195,268,223,280,1 165,143,254,295,0
2020-12-14_11-09-22-72mariko1_png.rf.49ae59574d1b768136ef96a1d48db665.jpg 193,213,216,238,2 187,245,219,258,1 166,154,245,270,0
2020-12-16_13-18-56-104sihekia_png.rf.490591b6b6b1151054eb6a55091383b3.jpg 107,116,123,133,2 112,130,135,144,1 92,102,169,180,0
2020-12-16_13-15-01-124avavavvavavavava_png.rf.4ce946bdf37858ad66632a5971156ec1.jpg 143,101,160,118,2 139,119,171,138,1 115,80,198,175,0
2020-12-14_11-09-22-80mariko1_png.rf.4d1428c9f68cacd4ac7968df5dad0806.jpg 197,206,218,231,2 190,238,221,251,1 168,158,245,269,0
2020-12-14_11-21-08-12nanri4_png.rf.5114485c26a842049a67cb8c0bacba2d.jpg 194,182,216,203,2 191,206,221,223,1 164,162,246,259,0
2020-12-16_13-15-46-92avavavvava_png.rf.48c9a993693f398eff652d10b9005ee0.jpg 120,115,137,132,2 125,132,144,152,1 98,88,177,180,0
2020-12-16_13-04-51-24tomo_png.rf.489ad09e37ab9495074497fe65b50482.jpg 197,191,218,215,2 191,222,220,242,1 162,148,245,272,0
2020-12-14_11-16-47-64mariko4_png.rf.506a5194cd57563065fed026e32de706.jpg 270,200,289,222,2 257,217,282,238,1 220,161,296,259,0
2020-12-16_13-15-45-40avavavvava_png.rf.51c2b6557f0a24a2c2c8739264cdc22d.jpg 187,108,206,125,2 177,123,204,137,1 145,82,228,170,0
2020-12-16_13-11-41-56tomo_png.rf.52052f1c8e6aad04faabdd4409cdcd7a.jpg 115,172,132,189,2 126,191,147,211,1 104,135,188,228,0
2020-12-14_11-13-52-4nanri2_png.rf.51360b44fc2c8d56c33fb7307344c2d0.jpg 189,199,207,219,2 185,224,209,239,1 170,168,231,250,0
2020-12-14_11-10-24-76mariko2_png.rf.5183794279ea728a29152db0de2b9dcd.jpg 187,222,208,245,2 181,249,211,264,1 161,171,234,275,0